psu_hh_idcode,subjective_poverty_1,subjective_poverty_2,subjective_poverty_3,subjective_poverty_4,subjective_poverty_5,subjective_poverty_6,subjective_poverty_7,subjective_poverty_8,subjective_poverty_9,subjective_poverty_10
1_7_1,0.035940510426371836,0.05659894819811671,0.16413845582954686,0.38194174231052574,0.1962439131889522,0.11427081815419404,0.03298872432715665,0.017133878156909886,0.0007430094082261869,0.0
1_8_1,0.0408266529616379,0.07979699963741126,0.21693301292989337,0.31473671028472666,0.1517274041038527,0.1267321283958049,0.042211554636485064,0.027035537050188088,0.0,0.0
1_10_1,0.0,0.020442801229891974,0.06460633270145616,0.08732766610578599,0.21660562131656044,0.2971584507277502,0.170566788006649,0.10082631613229083,0.03669027158221709,0.0057757521973982855
2_3_1,0.0170144306013361,0.0843122892498519,0.16047597078652065,0.1866029342956281,0.05652611247595652,0.22165403000541234,0.19221495191476884,0.057366649464446584,0.023832631206078966,0.0
3_1_1,0.1086782984162218,0.12797080255367513,0.2601308021136966,0.18506141453712666,0.11171825081947276,0.09962177354820331,0.10325413917749474,0.0008301226223530582,0.0027343962117560294,0.0
5_4_1,0.0,0.0,0.008018185894560376,0.06307328787988482,0.36515732028043785,0.21723278965438902,0.18503863811992233,0.11541069697170414,0.03980328154833335,0.006265799650768273
7_8_2,0.0,0.0,0.02680498681799297,0.05368744469615355,0.2079386850545052,0.18635674077958875,0.1584190275094343,0.25269080639005786,0.11410230875226739,0.0
7_9_2,0.061130543384865794,0.15230830300975026,0.20762484400420536,0.23497093669424554,0.20830574997611234,0.09339388572687829,0.02407875101172366,0.018186986192218722,0.0,0.0
9_1_1,0.004467591828100292,0.02017845424702441,0.22965297356579997,0.2933265698208816,0.36161774195808805,0.06498897209233358,0.01936721719519736,0.0006994136633235732,0.0,0.005701065629251235
9_3_1,0.01636331882661193,0.06378492427341258,0.07533547169480631,0.12890544939595885,0.2211596423675586,0.21317172740985824,0.19889272293673027,0.07779766210437765,0.0045890809906854796,0.0
10_6_2,0.061414632755562325,0.19360459142848033,0.18453358993062824,0.23606290712083214,0.20927380041614546,0.07264832138401707,0.02419065116577615,0.01827150579855831,0.0,0.0
12_7_1,0.03472877640839194,0.1066269786484094,0.2906369963159208,0.15023110250513763,0.31759995134256275,0.06426936587056611,0.03590682890901126,0.0,0.0,0.0
13_3_2,0.004646301425275478,0.032180787211513906,0.06632182542068349,0.37893416887651776,0.22235715295091826,0.08729312177272905,0.12308716232901211,0.07431378083844045,0.010865699174909612,0.0
15_4_1,0.03010079283875223,0.11190686913558913,0.30502858399403426,0.1876608691378223,0.21058585660480136,0.1346158640488182,0.020101164240182403,0.0,0.0,0.0
15_8_1,0.005480433671042304,0.045253554424283,0.11173733050842397,0.175043037645443,0.23758397410345797,0.20792274711518596,0.1402801655208765,0.07588203098237471,0.0008167260289125707,0.0
15_9_2,0.0652408403008333,0.09839167378702907,0.1859416567146911,0.25076991807014903,0.2223118168993958,0.11151632004909877,0.03737075521574118,0.027615312492619275,0.0008417064704425569,0.0
15_11_2,0.13371247033225558,0.22017121328495678,0.28027068017241347,0.17242921547323706,0.17853364143059042,0.0,0.01488277930654671,0.0,0.0,0.0
16_7_1,0.0034839056631241023,0.022249069499422177,0.08022398986437122,0.19936260167787775,0.12567561526653923,0.3234145334698474,0.0959231189401638,0.10973504510320499,0.03993212051544935,0.0
16_8_1,0.07368658372621019,0.0918091769640687,0.19279927162454427,0.1273863704159526,0.2145222253314889,0.20677404273298092,0.09222087730919905,0.0008014518955553932,0.0,0.0
16_9_1,0.03822800870019518,0.03450066421337473,0.071102891729087,0.16937924517353653,0.358080578046184,0.22082305241748565,0.09699827676507149,0.010096983379877559,0.0007902995751878887,0.0
17_3_1,0.01685324852477593,0.06569469141954089,0.07759107065364668,0.25693957517502364,0.2508747630278517,0.23548998614349068,0.06232814772838631,0.028294728150743634,0.005933789176540525,0.0
17_6_1,0.06482121783321534,0.12721373370627143,0.18474569883824735,0.18396660049355795,0.1887071726163961,0.1286172825863433,0.10264329287054923,0.019285001055419256,0.0,0.0
18_2_1,0.07062175215775882,0.19020553514792518,0.20492758434647876,0.29731866474675567,0.13266271449914657,0.07137285714398973,0.02376594334160182,0.009124948616343416,0.0,0.0
18_8_1,0.06266594738374986,0.11247734145801255,0.17860300422864545,0.3087979621926928,0.13000879360345952,0.10711504959780499,0.04936706465922416,0.050964836876410666,0.0,0.0
19_3_1,0.07394482053186983,0.19915555379117533,0.15022760230114432,0.24283121929249968,0.159621555571612,0.09651811183369065,0.0589057567282782,0.018795379949730122,0.0,0.0
20_3_1,0.022571583000298785,0.08375814081907942,0.24337271105921193,0.24547760669589544,0.287307351231014,0.11019715180342457,0.007315455391076018,0.0,0.0,0.0
21_1_2,0.06587606150336907,0.09606925635907988,0.18775208837429513,0.22949712925594104,0.2244763687202733,0.13071028748417876,0.03773461772821574,0.02788419057464696,0.0,0.0
21_2_1,0.05465273961951425,0.10725776677266426,0.49250284898504787,0.2415658794176133,0.08080124866160941,0.02321951654355085,0.0,0.0,0.0,0.0
21_5_1,0.0,0.0,0.007687589455035099,0.09083095225567331,0.3501015817956015,0.2082761019756205,0.1774093419497558,0.10487112177753195,0.054815855244598095,0.006007455546183717
24_6_1,0.07515256726929762,0.12136265746930294,0.2466981905571627,0.31311565627080157,0.13596833709029843,0.0731512899904829,0.024358131127798065,0.010193170224855925,0.0,0.0
24_7_1,0.06865755788936061,0.1780969936877176,0.5091076292595899,0.19681691772574175,0.04732090143759008,0.0,0.0,0.0,0.0,0.0
25_7_5,0.008304066648319746,0.08683464118445505,0.10162890024531335,0.1894907447305948,0.4567829804193597,0.1359284993635465,0.02029717009904053,0.0007329973093703906,0.0,0.0
26_1_2,0.051742122849803944,0.1578573239485543,0.19037196142852392,0.2435315904600701,0.21589491580259215,0.09679648832446316,0.024956007805371674,0.018849589380620743,0.0,0.0
26_2_1,0.0702447362749901,0.14952712351910444,0.2270597060845661,0.316690779555847,0.1319544914816029,0.07099183146960888,0.023639068294820913,0.009892263319459615,0.0,0.0
26_3_2,0.08338664700560632,0.15238556407024526,0.24399234641839437,0.23509012982683092,0.1545330634661522,0.07234894932954389,0.048181930761760305,0.010081369121466791,0.0,0.0
26_7_1,0.06413137927586228,0.09671846224123944,0.18277960331237067,0.31601914691755406,0.18669891840471473,0.10990681059339422,0.02526075228711616,0.018484926967748533,0.0,0.0
28_8_1,0.041756375071985215,0.0816141712525321,0.19628502576973783,0.31484811195347606,0.1650541727335122,0.1296181269608028,0.04317281432374255,0.027651201934211084,0.0,0.0
29_1_1,0.06042265496609417,0.11858141200710211,0.24104465398069302,0.2977437269007194,0.1435354736026319,0.09231238953153276,0.03461083943448613,0.01174884957674053,0.0,0.0
29_2_1,0.0622116307533885,0.19611706223250835,0.17730816519020115,0.30655923357686693,0.1477852287157931,0.07359110267392473,0.03563558675419548,0.0007919901031218592,0.0,0.0
30_1_1,0.0730679784580239,0.18953757893899006,0.20420792783259314,0.2962745529232199,0.13219683487174785,0.0711222127921222,0.023682483050060477,0.009910431133242435,0.0,0.0
30_4_1,0.039168521140435966,0.09465529856519991,0.17888061412730272,0.3092779393989001,0.21386963544021398,0.10162973744776913,0.035951619241782924,0.02656663463839525,0.0,0.0
31_2_1,0.0622116307533885,0.19611706223250835,0.17730816519020115,0.30655923357686693,0.1477852287157931,0.07359110267392473,0.03563558675419548,0.0007919901031218592,0.0,0.0
31_3_1,0.03759382553006274,0.11822308485656861,0.2697235606429972,0.20986262717421691,0.205271415075643,0.1422138144102762,0.017111672310235457,0.0,0.0,0.0
32_3_1,0.04051817009129034,0.03570158181365057,0.07357787927077224,0.22083111347485251,0.23789893438310647,0.2081983861048266,0.14046613210523187,0.03775733508506998,0.005050467671199348,0.0
32_7_1,0.015325894514105457,0.04345449788372843,0.4372269078142617,0.2336539937592736,0.24451262242038235,0.02582608360824848,0.0,0.0,0.0,0.0
32_9_1,0.015318460938637172,0.0372145448005878,0.10417331141232682,0.16800266944097378,0.28699718638316263,0.2140444406831194,0.1332177417953639,0.036190728149004134,0.00484091639682443,0.0
33_5_1,0.01600949048326122,0.12461944367690043,0.1809781502371515,0.1488294701282352,0.1848588370465914,0.20856225912546764,0.05920768844237802,0.07611542281107594,0.0008192380489384985,0.0
33_8_1,0.06339163271366706,0.15794186455778053,0.1806712659474729,0.2086247016919938,0.18454537228400256,0.14965397213187281,0.03631150638074115,0.018859684292469252,0.0,0.0
36_1_1,0.07524213454836183,0.12615916041169123,0.18321419846790826,0.22395027906954454,0.18714283251773603,0.15176033891106563,0.02532081479064646,0.027210241283045996,0.0,0.0
36_6_1,0.0408780998005621,0.04957973736113591,0.19681727914711103,0.18112117067484998,0.24583375666939483,0.2151425836411362,0.054125390036564455,0.016501982669245616,0.0,0.0
38_7_1,0.033880373383822604,0.06307617546223766,0.12960782836284138,0.28368334525382516,0.21870221789941963,0.16763153011283827,0.08432383714326168,0.01909469238175366,0.0,0.0
38_8_1,0.04975339683254813,0.15558477484076486,0.1779749676334233,0.2175461509107862,0.1577773592369406,0.12390359748209916,0.09888152655948075,0.018578226503956956,0.0,0.0
41_2_1,0.03010079283875223,0.11190686913558913,0.30502858399403426,0.1876608691378223,0.21058585660480136,0.1346158640488182,0.020101164240182403,0.0,0.0,0.0
41_9_1,0.017070268227288053,0.05124793842289913,0.11950741276707878,0.26024819250693454,0.23071446912869334,0.2223814498708302,0.06733196803863131,0.02865908007238703,0.002839220965257569,0.0
42_9_1,0.03833984068890501,0.1205691140830321,0.17509607328253451,0.16987474620741147,0.20934483897343106,0.20178365487740116,0.04839772549541896,0.036594006391865726,0.0,0.0
43_2_1,0.004639413000076148,0.03885155081525909,0.2866711526247925,0.2861204152132983,0.3132661886788259,0.06339238784505162,0.007058891822696503,0.0,0.0,0.0
43_6_1,0.01058047271563408,0.03659384184062408,0.11468171890851805,0.17965559360337882,0.24384454516073537,0.2288908930815506,0.14245792974829186,0.038700972848721434,0.0045940320925458794,0.0
44_3_1,0.0,0.0,0.007441469167131263,0.1065116309705053,0.31818239161239187,0.22127716686403534,0.18848363393343112,0.1175593799275524,0.04054432752495284,0.0
45_8_1,0.10481645110752337,0.12342340250568062,0.2508871402907545,0.19942001723533934,0.13047335205677077,0.0960817468485631,0.09212567003172457,0.0008006244901432027,0.0019715954335004396,0.0
46_3_1,0.017183684703193428,0.049412036410304776,0.1620723343053223,0.2619773061015116,0.10076597587425998,0.1609029812439564,0.19412704464429748,0.04059742451821022,0.012961212198943809,0.0
46_7_1,0.06226672824297529,0.045142023173540824,0.08246134280826457,0.21692303780473923,0.32211767718578316,0.23542204351124912,0.03566714727344777,0.0,0.0,0.0
47_10_1,0.009310698558510936,0.09736087181676355,0.25753920533729846,0.22490301765330475,0.16311299492634732,0.0763658827452241,0.13180457646892044,0.027326000222268988,0.012276752271361284,0.0
48_4_1,0.017567692577823073,0.06847962522814514,0.1407107429687887,0.1786554833350301,0.05836418448931657,0.2288616027776371,0.19846524771945848,0.08352372923885923,0.025371691664941756,0.0
49_1_1,0.09081986114763242,0.20099580323760996,0.25435536112202045,0.24507504332036806,0.15146163426193202,0.03217812308826227,0.025114173822174877,0.0,0.0,0.0
49_2_1,0.009850355143180818,0.03406864209865641,0.07021253143174876,0.12239725233660011,0.23540152116759425,0.31143182614097875,0.13262745802552564,0.072507288703905,0.011503124951810252,0.0
49_5_1,0.009227474167678301,0.03603487756860578,0.07426477306017232,0.1270733922579314,0.24898746977274908,0.22539462636049498,0.18223193486469313,0.08321387468157668,0.01357157726609828,0.0
49_10_1,0.10769213275848079,0.12680957337994755,0.25777033026877805,0.17866718403316456,0.11070450010836837,0.09871778836194073,0.10231719327789593,0.009772063898454739,0.007549233912969326,0.0
50_5_1,0.03868452823408295,0.09039888217262611,0.14740335375442323,0.1959614478064669,0.23264200017039724,0.14633983749356885,0.09815663184560909,0.05041331852282551,0.0,0.0
51_5_1,0.015142608268456946,0.04354287942497721,0.06971541340003817,0.23085966659895663,0.3107067471130831,0.19726902569594013,0.09510548445109078,0.03577526629508402,0.001882908752372843,0.0
52_5_1,0.040887974146759855,0.09328529815907853,0.18231128466865057,0.3152094413727779,0.16162156642927744,0.15101243560810831,0.036641119116591965,0.019030880498755547,0.0,0.0
53_2_1,0.07461709973556567,0.12511115894703637,0.18169224201454126,0.2817752788015364,0.18763600864514593,0.09739561912763035,0.04213141022904115,0.009641182499502802,0.0,0.0
53_4_1,0.015318460938637172,0.0372145448005878,0.10417331141232682,0.16800266944097378,0.28699718638316263,0.2140444406831194,0.1332177417953639,0.036190728149004134,0.00484091639682443,0.0
57_9_1,0.06400909100277796,0.12561990857005131,0.18243107187118712,0.21065678456884385,0.1863429134571178,0.1671811020044501,0.03666519407807755,0.027093934447494247,0.0,0.0
59_3_1,0.010641893171013213,0.04002682068947345,0.08654447716642909,0.1531669072721256,0.2452600814423383,0.23510614208207603,0.1432849089535385,0.07833370566755068,0.007635063555455116,0.0
59_4_1,0.04400862114971547,0.15524227587770384,0.17758317967134507,0.21706725230916457,0.15743003359412971,0.12363084037138197,0.0986638521736215,0.02637394485293777,0.0,0.0
59_7_1,0.008375897205107405,0.021330285838800304,0.07796468699822577,0.1005713151157836,0.3512111770315645,0.20459360673063823,0.12869323461063842,0.06961428923102589,0.031619011949280455,0.0060264952889352835
60_3_1,0.01042696089617954,0.03606290268575199,0.11301780465808886,0.17704897499658556,0.24030661062815278,0.22556992072068405,0.14039101113518745,0.05207423292382445,0.005101581355545404,0.0
60_6_1,0.011018362719394457,0.049053290529607024,0.19284142089467032,0.23571803051657875,0.11592396301628645,0.15973477839487854,0.1927176253477544,0.028640037921670768,0.014352490659159275,0.0
62_1_1,0.017991035913695903,0.09000651326847897,0.16428976376594603,0.20252071508254987,0.05977063490662381,0.18637736997853505,0.20324783027275553,0.06065941758181524,0.015136719229599537,0.0
62_5_2,0.10366647267253933,0.1960800303062719,0.24813456855320137,0.14086444227856815,0.12904188266794886,0.10659665990867963,0.057996085695936374,0.015669893555643476,0.0019499643612109123,0.0
63_4_2,0.016092811210790817,0.04627520739739715,0.18192004349480928,0.24534617583036122,0.2567481766003962,0.12665010221849735,0.08386168352090943,0.0380201743514575,0.005085625375381093,0.0
63_7_1,0.08486217155441379,0.09077221564481047,0.24830978463889594,0.19677073843004075,0.2120992513201108,0.12350321895031148,0.04093887846531049,0.000792399700094994,0.0019513412960112807,0.0
64_1_1,0.027692892782057367,0.04830710618196482,0.18990797344812577,0.15617301328571903,0.10024098426768396,0.1573049395374748,0.18978606104296078,0.08666336946740509,0.04392365998660848,0.0
64_8_1,0.10591185792317831,0.0793921958605242,0.1811144023022207,0.17571360995601312,0.16056051305978603,0.12608922647642615,0.13689537008967784,0.026898387939847918,0.007424436392325803,0.0
65_1_1,0.04188394507558105,0.08186351090670965,0.18675211949392917,0.3228874798828402,0.16555843014026322,0.1300141236174563,0.04330471169436027,0.027735679188860114,0.0,0.0
65_2_5,0.0167045561266982,0.09662360288536578,0.11694709523854452,0.1832044375968195,0.13745721590236754,0.2176171669619963,0.14527198612229678,0.08617393916591141,0.0,0.0
66_4_1,0.04135522110972535,0.04804235328880762,0.19911449252911192,0.2929024160714469,0.15741957742686197,0.1730791778977084,0.05475713116639218,0.028049796561706367,0.005279833948239116,0.0
66_6_1,0.016097552586322436,0.06274895597804905,0.08455624590814072,0.2224338957274428,0.18792661421377807,0.20970948059244623,0.1399931502630956,0.07653410473072511,0.0,0.0
66_7_1,0.04110911477970401,0.045974429878753865,0.11351727243644187,0.31691423640920974,0.18929358015145437,0.21123489367976747,0.042503597985647734,0.02722258414794468,0.012230290531076238,0.0
68_1_1,0.004897678430037633,0.059191301530620195,0.17165634947435954,0.16653759422003106,0.34936336870500756,0.1978196594046849,0.04976730334352864,0.000766744891730644,0.0,0.0
68_3_1,0.03833984068890501,0.1205691140830321,0.17509607328253451,0.16987474620741147,0.20934483897343106,0.20178365487740116,0.04839772549541896,0.036594006391865726,0.0,0.0
68_5_1,0.041616798384130835,0.06398595286308864,0.18556096592054705,0.28777504381700525,0.18953992134611183,0.1700493586614007,0.04302850298401845,0.016402345243265205,0.0020411107804319145,0.0
70_8_1,0.0,0.0,0.021919158167918163,0.09179637806226931,0.3098676781001483,0.28300608371375774,0.16244343234115752,0.09602439639190179,0.034942873222847115,0.0
71_3_1,0.014057243711480372,0.054795743768767745,0.06471847777059382,0.11073886276358064,0.3259280933138627,0.28706262694363543,0.12355281693726276,0.008432235529634246,0.010713899261182337,0.0
71_4_1,0.0885642441106267,0.19600383834776694,0.2480381494598275,0.27481753324024766,0.13670685885794173,0.03137894192084377,0.024490434062745647,0.0,0.0,0.0
72_2_1,0.009814350329082261,0.07601756373660715,0.0699558920411031,0.11970052750164521,0.35230418412880343,0.2172608348189728,0.1335514650649674,0.00993410341107932,0.011461078967739402,0.0
72_7_1,0.09073612898632501,0.06260337933636831,0.2163533742247139,0.17613764041544874,0.13215503939048817,0.15038306106058483,0.13722572473146263,0.02696329888100419,0.00744235297360415,0.0
73_5_1,0.010148949214007531,0.03510136572982604,0.18726247471902477,0.4341213026291721,0.18143388852846296,0.10680736767041286,0.03569928478534412,0.009425366723749586,0.0,0.0
75_4_1,0.04975339683254813,0.15558477484076486,0.1779749676334233,0.2175461509107862,0.1577773592369406,0.12390359748209916,0.09888152655948075,0.018578226503956956,0.0,0.0
76_1_1,0.0717143017644166,0.25747206619788665,0.17462394435405273,0.2355063033881865,0.1548066290786995,0.07247702667556004,0.024133612951267053,0.00926611558993093,0.0,0.0
76_4_1,0.06026749198940357,0.18998832427229506,0.20469356118830914,0.2969791328426994,0.1522740957180947,0.07129135078412269,0.02373880311479722,0.0007672400902781955,0.0,0.0
76_7_1,0.10828121467249618,0.09798129425242948,0.2591803482119797,0.2497239876747381,0.1543347816047449,0.07685251670905857,0.04293694408400715,0.010708912790545953,0.0,0.0
77_1_1,0.06065237892089835,0.1912016487484796,0.43625197315581926,0.2331329888244717,0.040161710366540794,0.030610142545284835,0.007989157438505427,0.0,0.0,0.0
78_1_1,0.036516346232992374,0.05750577174076796,0.4208679297565259,0.31240769983002337,0.1478424596235084,0.024859792816182075,0.0,0.0,0.0,0.0
78_8_1,0.0,0.020442801229891974,0.06460633270145616,0.08732766610578599,0.21660562131656044,0.2971584507277502,0.170566788006649,0.10082631613229083,0.03669027158221709,0.0057757521973982855
80_4_1,0.04188394507558105,0.08186351090670965,0.18675211949392917,0.3228874798828402,0.16555843014026322,0.1300141236174563,0.04330471169436027,0.027735679188860114,0.0,0.0
80_7_1,0.06413137927586228,0.09671846224123944,0.18277960331237067,0.31601914691755406,0.18669891840471473,0.10990681059339422,0.02526075228711616,0.018484926967748533,0.0,0.0
81_6_1,0.0622116307533885,0.19611706223250835,0.17730816519020115,0.30655923357686693,0.1477852287157931,0.07359110267392473,0.03563558675419548,0.0007919901031218592,0.0,0.0
81_7_1,0.03955138660062965,0.07730445072720309,0.2468426620411137,0.3049055556324544,0.1469880282192177,0.12277350802214827,0.03544335707262944,0.02619105168460367,0.0,0.0
83_4_1,0.0907389839426846,0.20081681178610714,0.26628236425265545,0.24485679827731524,0.14006376495768239,0.03214946771901859,0.025091809064536574,0.0,0.0,0.0
83_8_1,0.03951892335693618,0.09234871560318522,0.180480882961921,0.31204474479069505,0.2157829166190374,0.0967462734890512,0.03627324300245351,0.02680430017672048,0.0,0.0
84_3_1,0.016737488917035654,0.050248876581974605,0.11717765474212269,0.2551747388948556,0.226216765819078,0.21804619605316358,0.08551402705715419,0.028100380655835894,0.0027838712787797565,0.0
84_4_1,0.04188394507558105,0.08186351090670965,0.18675211949392917,0.3228874798828402,0.16555843014026322,0.1300141236174563,0.04330471169436027,0.027735679188860114,0.0,0.0
84_8_1,0.06306705970554255,0.12377114172185934,0.1797462066965918,0.31077451680889384,0.13084095415050126,0.10212151765538283,0.052112747480127904,0.03756585578110051,0.0,0.0
85_2_1,0.09079677792179969,0.0654496904867827,0.21754907990063208,0.2320075195230852,0.158201964550381,0.15722034345759967,0.06693817843096371,0.010977247150949325,0.0008591985778066037,0.0
85_4_1,0.16335488271460555,0.17019299408405414,0.2804922864172739,0.24603288589382238,0.04238396956919495,0.034561033037139685,0.05042465832991039,0.010550627287255258,0.0020066626667437147,0.0
87_1_1,0.07525840870862448,0.15429249351517307,0.21032966860025293,0.30515626495223136,0.14710888947572628,0.07325431292240038,0.024392436005882142,0.010207525819709214,0.0,0.0
88_3_1,0.03503207026199931,0.06847130232843794,0.48201008415143587,0.2775000913043267,0.11370190205878866,0.02328454989501156,0.0,0.0,0.0,0.0
88_4_1,0.01710716283678026,0.049191996220165034,0.11976570861028156,0.26081067666393487,0.2312131209441989,0.22286209121999065,0.06820103005365867,0.02872102201457551,0.002127191436414498,0.0
89_6_1,0.0622116307533885,0.19611706223250835,0.17730816519020115,0.30655923357686693,0.1477852287157931,0.07359110267392473,0.03563558675419548,0.0007919901031218592,0.0,0.0
90_2_1,0.10925538527652152,0.08268379206361971,0.22264613793967772,0.2897462056889399,0.15572328105843827,0.07754393361687377,0.05164161297636226,0.009913914589906581,0.0008457367896602771,0.0
90_5_1,0.16767281851309399,0.09871899663619758,0.3618041001310065,0.07892186112771492,0.2602210539272608,0.02538641830858361,0.00662578073156581,0.0,0.000648970624576746,0.0
90_6_1,0.05871262542150885,0.24672603271789395,0.16733571778972017,0.2893172423312995,0.1290925033306252,0.06945207501114416,0.038616357659784335,0.000747445738023885,0.0,0.0
91_3_1,0.0730679784580239,0.18953757893899006,0.20420792783259314,0.2962745529232199,0.13219683487174785,0.0711222127921222,0.023682483050060477,0.009910431133242435,0.0,0.0
91_4_1,0.07764273141861099,0.1253839830164732,0.18208844981301983,0.3411070605601119,0.14047361868967156,0.09760800521196811,0.025165232562688062,0.010530918727456375,0.0,0.0
92_1_1,0.06026749198940357,0.18998832427229506,0.20469356118830914,0.2969791328426994,0.1522740957180947,0.07129135078412269,0.02373880311479722,0.0007672400902781955,0.0,0.0
92_5_1,0.03895363746527089,0.07686614643009376,0.24311207253499556,0.30029744835961153,0.15397554015901696,0.12091800396596349,0.04008193074402476,0.02579522034102293,0.0,0.0
93_6_1,0.18377160182033817,0.10819731130429987,0.396542025212326,0.08649939189129709,0.1878636073974811,0.023422912255135587,0.007261942329997233,0.0,0.0064412077891248705,0.0
95_2_1,0.06026749198940357,0.18998832427229506,0.20469356118830914,0.2969791328426994,0.1522740957180947,0.07129135078412269,0.02373880311479722,0.0007672400902781955,0.0,0.0
96_1_1,0.2821167743031766,0.1355803915340509,0.2988348053729945,0.08225573419442017,0.16185636399339723,0.02397200118727835,0.006256622010755933,0.0,0.009127307403926302,0.0
96_10_1,0.03933701277397167,0.0768854502231899,0.24550474166480624,0.3032529265757233,0.14619133336751902,0.12210805912164087,0.04067138360582377,0.02604909266732522,0.0,0.0
97_1_1,0.0,0.0,0.007441469167131263,0.1065116309705053,0.31818239161239187,0.22127716686403534,0.18848363393343112,0.1175593799275524,0.04054432752495284,0.0
97_2_1,0.0,0.017590250681089385,0.008580610088336285,0.11193795887965972,0.25991564439221626,0.24430903723735256,0.19801790902116095,0.11705336383566353,0.04259522586452138,0.0
97_3_1,0.2153453311012382,0.10349930642075016,0.379323885976493,0.08274352623594373,0.1797064347805719,0.022405872600128832,0.00694662358391091,0.0,0.010029019300963228,0.0
97_7_1,0.06026749198940357,0.18998832427229506,0.20469356118830914,0.2969791328426994,0.1522740957180947,0.07129135078412269,0.02373880311479722,0.0007672400902781955,0.0,0.0
97_8_1,0.05871262542150885,0.24672603271789395,0.16733571778972017,0.2893172423312995,0.1290925033306252,0.06945207501114416,0.038616357659784335,0.000747445738023885,0.0,0.0
99_1_1,0.07609833289455137,0.12288995898134063,0.20455231882055408,0.3170560941718588,0.14875070354482112,0.09566647563886457,0.02466466866807324,0.010321447279936216,0.0,0.0
100_2_1,0.14169571363007344,0.0784386986166478,0.28772273728377357,0.10682723241998497,0.31199542178733924,0.027145077723514068,0.04237203012089012,0.0,0.0038030884177768626,0.0
100_7_1,0.04211046338046391,0.09607438896247758,0.18776211923164987,0.2532250819333387,0.22448836161182323,0.13071727082194032,0.037736633740772754,0.0278856803175336,0.0,0.0
101_5_1,0.06970812263121054,0.18774485713138622,0.2022764480302215,0.29347227036249085,0.14147630163091773,0.07044951061563973,0.034114309422133234,0.0007581801760001997,0.0,0.0
102_7_1,0.10263424918633289,0.12085381745274393,0.32941560328364483,0.1952682381955359,0.12775699220567854,0.0728445868876814,0.048512008457848664,0.000783956073286097,0.0019305482572477203,0.0
102_8_1,0.011515114630644812,0.05352281451614589,0.20153548432653073,0.2463451431972289,0.14670181668410506,0.14030608832466435,0.1566950819716113,0.029931245511962773,0.013447210837106174,0.0
103_7_1,0.005570350096755018,0.0362392891352108,0.08521130148009028,0.14571848614452412,0.15284888853019332,0.3312743713338292,0.14258171533228517,0.07712701293294706,0.023428585014164945,0.0
103_8_1,0.08631317261287998,0.15773366561221552,0.21502063295164695,0.24334081875199245,0.15995653333386056,0.07488809750824472,0.05231189584665947,0.010435183382500298,0.0,0.0
104_2_1,0.040887974146759855,0.09328529815907853,0.18231128466865057,0.3152094413727779,0.16162156642927744,0.15101243560810831,0.036641119116591965,0.019030880498755547,0.0,0.0
104_4_1,0.03955138660062965,0.07730445072720309,0.2468426620411137,0.3049055556324544,0.1469880282192177,0.12277350802214827,0.03544335707262944,0.02619105168460367,0.0,0.0
104_7_1,0.2720973427928387,0.31506008112855005,0.20512357598572112,0.10375140276659711,0.10072834324542586,0.0,0.0,0.0,0.0032392540808671272,0.0
105_1_1,0.06728906590035234,0.17454713964949428,0.4989600252141989,0.21282607458463473,0.04637769465131977,0.0,0.0,0.0,0.0,0.0
106_10_1,0.014598018413024702,0.04382581098117231,0.13768495880230522,0.11499892801459614,0.3384663740041784,0.19017442823423353,0.12473212320217578,0.024508447847835648,0.011010910500478371,0.0
107_5_2,0.04069641971162154,0.127979959822874,0.18585844803014434,0.2146144439398508,0.22221233260862294,0.153950628818104,0.04309748413949476,0.0107489531215542,0.0008413298077333101,0.0
107_7_1,0.08283829191320098,0.1337742090802948,0.19427312620299664,0.19345384937006257,0.1619254158907098,0.17803324288638486,0.026849195578297937,0.02885266907805246,0.0,0.0
107_8_2,0.009451069361205584,0.036908055350225254,0.11566643501300035,0.15359047248882973,0.24201016247129054,0.23085626777885992,0.1452129433825173,0.05864841672090588,0.007656177433165467,0.0
108_7_1,0.009687870902749302,0.05846683946514681,0.14146713485739665,0.1644992851042026,0.39157795808560275,0.15538173785238163,0.07816181328704429,0.0007573604454760367,0.0,0.0
108_10_2,0.011366820024560237,0.025636990507774682,0.08102176994156084,0.14124034297118332,0.23785270419296436,0.25112159657783956,0.15467712242872234,0.08366980572641357,0.01341284762898108,0.0
109_8_1,0.04333701163857958,0.11012839496067611,0.141263098110463,0.12415366627132714,0.23027550439843134,0.20152670502517728,0.09715815670318893,0.05215746289215664,0.0,0.0
110_1_1,0.00481148222122478,0.04229692158021738,0.1686353004702847,0.20612989013464378,0.3995258230048771,0.13968431794996772,0.03891626463878451,0.0,0.0,0.0
110_5_2,0.0,0.0,0.026987413863072716,0.05405282603210807,0.20254814313077288,0.18762503125784752,0.1594971819315642,0.2544105474756089,0.11487885630902576,0.0
110_8_1,0.004687607421434963,0.030496388511864238,0.06285042505490804,0.10956333831071147,0.314084300374527,0.2787767688964981,0.11872085995018007,0.06490456648823692,0.010296969471664382,0.005618775519974987
112_11_1,0.07332330998970797,0.12294185010078415,0.17854187084689507,0.3344632392336005,0.14881351453921754,0.09570687145765455,0.03588353825102078,0.010325805581119426,0.0,0.0
112_12_1,0.00469484575722312,0.03251701051554535,0.10190530625153679,0.1353174249256775,0.3800122273682389,0.20339071283252877,0.09142125398086896,0.024437917816495826,0.001809967955759722,0.024493332596125073
113_5_1,0.016403774561538707,0.0639426224773083,0.07552172681247304,0.11267165714466718,0.22170642483650202,0.23407457806886703,0.1853162654952009,0.07799000460099265,0.012372946002450074,0.0
113_7_1,0.0,0.02023131784418949,0.011388589940586193,0.05753886429284536,0.214364808541292,0.29408430865968,0.17301896255890564,0.18734644081438886,0.03631070604375239,0.005716001304360287
115_7_1,0.004764609741470889,0.0,0.007780535768302057,0.09192913812942108,0.3543344627899838,0.21079425099144336,0.17955429835901707,0.10613905943138359,0.03862355648210931,0.006080088306868824
115_11_1,0.016536207616041153,0.08194253174183698,0.0761314384934983,0.13026741681424645,0.24615534274920078,0.2154240212313591,0.18681238451320167,0.039067723372794634,0.007662933467820949,0.0
115_12_1,0.010884369393045946,0.03764490517663822,0.07758290102393461,0.132750993614897,0.2508483482110336,0.23546519120289397,0.14811204308064518,0.08693184584308863,0.012843555883794216,0.006935846570028642
116_3_1,0.016046157587148904,0.04549670626213584,0.10912201806652569,0.14917033954243966,0.235045426474542,0.2242125262852969,0.13954619114906328,0.076289752663646,0.005070881969201836,0.0
116_8_1,0.0,0.019357230727222553,0.04724053008178704,0.054734692528929874,0.3080856090480053,0.18960956763125486,0.16150920965851454,0.17925220238728123,0.0347419144996102,0.005469043437394518
117_1_1,0.015943995387766866,0.0452070391844486,0.10815836124091462,0.1748631143448094,0.23733976620251349,0.22278501663447217,0.13865773260528128,0.0514313203245179,0.005613654075275732,0.0
118_12_2,0.004457490536351542,0.020132830461049613,0.06362671770670324,0.1088707677148298,0.32042989112744225,0.1931079793703444,0.15612812641853183,0.09929750359923299,0.01995933660544671,0.013989356460067562
119_3_2,0.009959380058187405,0.060105412311922894,0.14543184729968153,0.14334361540250357,0.2888879548655203,0.20087465361395915,0.09684379581894904,0.05198870437809203,0.0025646362511840735,0.0
119_10_1,0.004521819522777629,0.020423380618562147,0.06454495684289692,0.09629529878041833,0.3225524345299909,0.19589484800918436,0.158381314404732,0.10073053137777489,0.036655415913663114,0.0
119_12_2,0.040327725172760766,0.12682050863270358,0.18417463910357473,0.1786825911571264,0.24252389972917424,0.1525558929543197,0.0642631716759218,0.010651571574418844,0.0,0.0
120_2_1,0.01600949048326122,0.12461944367690043,0.1809781502371515,0.1488294701282352,0.1848588370465914,0.20856225912546764,0.05920768844237802,0.07611542281107594,0.0008192380489384985,0.0
120_3_1,0.016450605357789045,0.09840386831428939,0.18596470206511925,0.15293021856306518,0.19204823528783402,0.21430884518088028,0.06083905779080601,0.07821265664984459,0.0008418107903723226,0.0
120_7_1,0.038761199730694744,0.059595461332525954,0.43616175689237585,0.2330847772668597,0.2066336374177521,0.025763167359791707,0.0,0.0,0.0,0.0
120_10_1,0.004737705881274207,0.04409863237364431,0.16604954940998132,0.18418104522778436,0.34057337135102583,0.1913582888670857,0.05432374004585898,0.014677666843345285,0.0,0.0
121_11_1,0.1086782984162218,0.12797080255367513,0.2601308021136966,0.18506141453712666,0.11171825081947276,0.09962177354820331,0.10325413917749474,0.0008301226223530582,0.0027343962117560294,0.0
122_5_2,0.0,0.016121400875850914,0.02448820386205202,0.061503610277812724,0.23046791392941798,0.22390834549792935,0.18601616395212592,0.20141992377576443,0.05607443782904666,0.0
122_15_1,0.005118578028743809,0.07939407009701016,0.21378776470254598,0.21928625695762943,0.15903938725128938,0.10787375794196266,0.1355984442357503,0.07545107862773147,0.004450662157336917,0.0
123_7_1,0.06793488123237104,0.08152185747884524,0.13292858172432878,0.27546097469462016,0.36794342838213134,0.06612580751487392,0.007363264546476345,0.0,0.0007212044263531333,0.0
124_1_1,0.0,0.01343590638957731,0.057290159224593615,0.07743847525027317,0.19207668993550664,0.39723549325706836,0.14057939092798485,0.08940850631377752,0.0325353787012186,0.0
124_7_1,0.004979213081629968,0.04377141503627648,0.17451401782640288,0.20151480490920773,0.41345350827223337,0.121494134300299,0.04027290657395054,0.0,0.0,0.0
124_10_1,0.0,0.0,0.008018185894560376,0.06307328787988482,0.36515732028043785,0.21723278965438902,0.18503863811992233,0.11541069697170414,0.03980328154833335,0.006265799650768273
125_1_1,0.040509587156036586,0.07993645935978831,0.2528228512631562,0.28011881431231084,0.16012588219856333,0.1257479080037208,0.04188373348031346,0.018854764226110408,0.0,0.0
125_4_1,0.07958726742927709,0.0826027146292368,0.27375002468944143,0.18586166963909478,0.16546683025413578,0.1122333850925583,0.06512646651334497,0.027720333639538255,0.007651308113372562,0.0
127_7_2,0.07583572653853972,0.19671708877852084,0.14366836363811863,0.21739418659282903,0.18166426950170264,0.10694298944158612,0.06205657091212755,0.01572080459657543,0.0,0.0
127_12_1,0.06339163271366706,0.15794186455778053,0.1806712659474729,0.2086247016919938,0.18454537228400256,0.14965397213187281,0.03631150638074115,0.018859684292469252,0.0,0.0
128_1_1,0.01628778426001677,0.06349048726699907,0.18412410250792427,0.1786335615518396,0.2514112812735002,0.2121877073457831,0.08321642695724316,0.010648648836693832,0.0,0.0
128_7_1,0.07641278530565337,0.12339776306103653,0.17920396884525833,0.2779163695920118,0.18304661215433063,0.10810398257978751,0.04155442104945589,0.010364097412465868,0.0,0.0
129_7_1,0.06637784734614588,0.13026866940412865,0.18918221849664893,0.23124523634963334,0.16771274773015693,0.1317059233838977,0.04396943286247769,0.03953792442691094,0.0,0.0
131_9_2,0.016874685666553438,0.048523503367891185,0.1147564296419058,0.2331722199296773,0.1589961538629268,0.17481258715916942,0.19063622932634014,0.05689547891070031,0.005332712134835674,0.0
133_4_2,0.08874206312508741,0.12774041629222854,0.19557578647784593,0.1799786866073131,0.135036953838696,0.12914977606026146,0.14021821597957057,0.0008286281498351887,0.0027294734691618665,0.0
133_5_2,0.08049973452993156,0.16853361897120817,0.31584721168184937,0.1632623356131848,0.12249477365004571,0.06984417078379689,0.055053578288166975,0.017566244438407652,0.0068983320434090134,0.0
133_9_2,0.08982009144293727,0.12929219209332576,0.19795161850928844,0.22951185158751408,0.1448521705462446,0.10065043920365879,0.10432031159114,0.000838694228750108,0.0027626307971409204,0.0
133_10_2,0.08874206312508741,0.12774041629222854,0.19557578647784593,0.1799786866073131,0.135036953838696,0.12914977606026146,0.14021821597957057,0.0008286281498351887,0.0027294734691618665,0.0
134_2_1,0.06222105375910872,0.09073903673203354,0.1773350215164957,0.3066056671677662,0.12908580295484987,0.12010548861985529,0.04112104323578861,0.07278688601410203,0.0,0.0
134_3_2,0.08325193250245963,0.16236062929433176,0.3266456827662008,0.14311865849391447,0.10461798790693703,0.09329030327529024,0.05693579998032387,0.01816681514352398,0.011612190637018368,0.0
134_6_2,0.10458829308176769,0.15635063474257468,0.2503410245425929,0.17351774293172006,0.13018934566173967,0.10726380755595245,0.06240563465432412,0.010343686233224365,0.004999830596104016,0.0
135_6_2,0.08194677316943214,0.18947749876023284,0.2691207966117977,0.16619708949016246,0.1321549307305496,0.07109966826410787,0.05977276255498764,0.0254415909427796,0.004788889475950229,0.0
135_7_2,0.016208530811867575,0.03937687333383098,0.12537909917239717,0.20323547527138575,0.21906759353893268,0.2264813629658253,0.13849307522096954,0.027212318881462798,0.004545670803328253,0.0
136_2_1,0.08327676764881584,0.10963249191569381,0.25532420155152574,0.3009876447543065,0.13429980259672492,0.07225361444917314,0.03498792452419687,0.00923755255956309,0.0,0.0
136_3_3,0.0463584553752455,0.08278700211500646,0.19721477330919587,0.363727613044616,0.13616860614122836,0.1302320919545071,0.02313753842919177,0.019527127150319713,0.0008467924806892196,0.0
140_7_1,0.04646426515523371,0.16390466415988153,0.18749217157448328,0.18190119552651776,0.16621449691482296,0.17181912894291423,0.054358488956902845,0.027845588769243566,0.0,0.0
141_1_1,0.18855318161109325,0.17831953095111291,0.19212159462756487,0.09795678543458242,0.19275165767103936,0.09694136810454708,0.016068010259032293,0.0,0.03728787134102785,0.0
141_3_2,0.08786916376496746,0.08129143105614908,0.1836858220060752,0.17820835047986353,0.16284011347639993,0.1521509950315474,0.14131033809760493,0.010623301285272856,0.002020484802119597,0.0
143_6_1,0.17484834163384091,0.1306917265432607,0.33001005517261234,0.08229930563110098,0.2109923644939707,0.0620492443569675,0.006909329629079197,0.0,0.0021996325391677035,0.0
143_8_1,0.06464204982709082,0.09426965599784076,0.19423106481064548,0.17874120601795318,0.1881855797030067,0.12826178013136874,0.09469238988123915,0.0549497474366596,0.002026526194195425,0.0
144_2_1,0.07830413225053286,0.08049911422542969,0.25704361728767017,0.2120522650080102,0.16279911319747153,0.11042391720537671,0.06407647368220726,0.027273416231662354,0.007527950911639211,0.0
144_6_1,0.041756375071985215,0.0816141712525321,0.19628502576973783,0.31484811195347606,0.1650541727335122,0.1296181269608028,0.04317281432374255,0.027651201934211084,0.0,0.0
144_7_3,0.010477980902962864,0.06323519724014397,0.1833837546369708,0.24732020752225592,0.1873160244538117,0.16805414711135394,0.10188660712141374,0.038326081011087004,0.0,0.0
144_11_1,0.17734055241665686,0.16771546284896524,0.20128653661303028,0.08347236346508158,0.20704301348456403,0.12559883829979698,0.018754720291545724,0.0,0.01878851258035932,0.0
145_3_1,0.07609833289455137,0.12288995898134063,0.20455231882055408,0.3170560941718588,0.14875070354482112,0.09566647563886457,0.02466466866807324,0.010321447279936216,0.0,0.0
145_4_1,0.1448291340536486,0.15089174896752228,0.23721776648787182,0.08903781246253864,0.21298202316166098,0.10954349048421422,0.044706099257717895,0.0,0.010791925124825564,0.0
145_6_2,0.06448096449117119,0.20327095066927495,0.1937470489663964,0.24784914032336053,0.1531760857212963,0.07627553274071688,0.04261458732268153,0.01858568976510228,0.0,0.0
146_2_1,0.07361656774833254,0.06181183005778893,0.27561324754558647,0.20699041047012495,0.14940869658614014,0.10184298292926647,0.0921332503006037,0.02662237831084289,0.01196063605131382,0.0
146_8_1,0.0622116307533885,0.19611706223250835,0.17730816519020115,0.30655923357686693,0.1477852287157931,0.07359110267392473,0.03563558675419548,0.0007919901031218592,0.0,0.0
146_9_1,0.03264698521701969,0.046811186550774,0.08302488746568423,0.23771740022814922,0.2406779748345021,0.20312894246461147,0.0979306123248735,0.05257214063812224,0.005489870276263541,0.0
147_2_1,0.010704288845042223,0.04026150641841506,0.07629930150359539,0.18175798173142757,0.22398912296971804,0.23156944868108012,0.1441250187280562,0.07879299277800864,0.012500338344656683,0.0
149_1_2,0.06445558228404526,0.20319093534361585,0.1936707826176265,0.24775157729425085,0.1531157896763286,0.07624550773433021,0.042393604455278074,0.019176220594524694,0.0,0.0
149_9_3,0.016617144940001997,0.0831331382862698,0.18784733696606637,0.21691105352399945,0.22459024792231927,0.21647842525193006,0.043558674417793077,0.010863978691619952,0.0,0.0
151_3_2,0.016935866672106087,0.024671801480825498,0.11488686122269219,0.18574129748463994,0.16972343820145597,0.23664440728321207,0.17454969710765847,0.05710175964860203,0.012774289420556785,0.006970581478251019
