psu_hh_idcode,subjective_poverty_1,subjective_poverty_2,subjective_poverty_3,subjective_poverty_4,subjective_poverty_5,subjective_poverty_6,subjective_poverty_7,subjective_poverty_8,subjective_poverty_9,subjective_poverty_10
1_7_1,0.03500023495204177,0.08094186835425285,0.16276591300458457,0.23806264069321587,0.21736125996295966,0.1356339387454973,0.08285431370020652,0.03813594326111758,0.007872544922448113,0.0013713424036755934
1_8_1,0.03732391652374069,0.08009081802649107,0.18115204499724946,0.2372267748746252,0.21278315603770356,0.12928503925255017,0.07682248942937026,0.036186944036712264,0.007787816512822799,0.0013410003087348185
1_10_1,0.01867069235905165,0.038076623734272494,0.08215833730717527,0.1509185602474635,0.20693368522066627,0.20868052152139158,0.1747666213586485,0.10546784873092915,0.012468987573383005,0.00185812194701852
2_3_1,0.02870205215863586,0.06552598949880908,0.14085160357108442,0.20030006866992586,0.21586811651501714,0.17828583562996553,0.10650116567553182,0.05284845915633385,0.009579020031929083,0.0015376890927674362
3_1_1,0.04045509983615269,0.09124266815472479,0.18569851679389202,0.22647873966305468,0.20434562174240914,0.1337025428754307,0.07362419556487233,0.03526342064713606,0.007842670678568779,0.001346524043758922
5_4_1,0.015560621182668863,0.032224741535266464,0.06480437604224419,0.12599095742156277,0.19774909241668198,0.23368061420563965,0.19353100123174194,0.12152372221317768,0.013046897666333554,0.0018879760846829037
7_8_2,0.016160835016860435,0.03239463282790345,0.06512336840138078,0.12397637905763115,0.1967138591251119,0.23074611594813849,0.19381742791069892,0.12582694158911611,0.013318422798560079,0.0019220173245986698
7_9_2,0.04333293357825485,0.09885489232229798,0.19648545260200712,0.2350242685792896,0.2032890005047512,0.1194972166506764,0.0649058277680681,0.03022668641363803,0.007116823299719021,0.0012668982812977412
9_1_1,0.03916221493607896,0.08728683410691164,0.1828491486834423,0.23787834780111974,0.21040477777079636,0.12617879344117083,0.07356218824618004,0.03384572077352725,0.007510718835178517,0.0013212554055942564
9_3_1,0.02765653687577379,0.06581189127379983,0.12997950415821044,0.18993696558580295,0.21993736182642962,0.19136952808412877,0.11056881956158743,0.053600941037576656,0.009576116619997205,0.0015623349766931513
10_6_2,0.04630037306155581,0.10385178048677424,0.20875211829632842,0.2293302583841477,0.19846866578778335,0.11616752742670888,0.06060557761594188,0.028342165385881257,0.006938290091981766,0.00124324346289666
12_7_1,0.04462526051190794,0.10072421313319851,0.19725682746422765,0.23319529083988158,0.2017796299015326,0.11936038521518393,0.06463021964215358,0.03003033374202919,0.007125310786832022,0.0012725287630530348
13_3_2,0.029506261772336458,0.05921855214697867,0.14863193842890537,0.23345704007971663,0.2174104023207596,0.14098250228499448,0.10443661867302441,0.0554043866505987,0.00944441488853837,0.001507882754147139
15_4_1,0.0426522020032018,0.09495130075529025,0.19882958106079476,0.2405619598204399,0.2051883457161809,0.11593152670662048,0.06438221299946759,0.02928113832427113,0.006972614523892016,0.0012491180898411805
15_8_1,0.028436195115858806,0.06276359932044229,0.1399523805556326,0.2105433338073166,0.21276141316731773,0.1662122973050441,0.11021924544728755,0.057677010747930794,0.00988196673298832,0.0015525578001810735
15_9_2,0.04051864399585827,0.09041157287013184,0.1902385295702164,0.2365294652391787,0.20743124670355653,0.12435435832851266,0.06959266054126445,0.03225245428698808,0.007376747186940337,0.0012943212773528312
15_11_2,0.05155247390801616,0.11546364613831506,0.21122662301167483,0.23247005703893933,0.19107238125829504,0.10810431945537413,0.05590986498566951,0.026290391224383182,0.006693979126161122,0.0012162638531717433
16_7_1,0.026060968720442217,0.05669801126699149,0.12384682218421514,0.1915884079733543,0.21694641487124572,0.18458865121594967,0.12331321099441146,0.0648967324153257,0.010423921372521128,0.0016368589855431696
16_8_1,0.040205437253036116,0.09048004483718684,0.1818565366608512,0.21553715363998163,0.20838804295811433,0.14168871185750972,0.07660260980786585,0.035925584836271486,0.007933414658046738,0.0013824634911360379
16_9_1,0.030782423182218886,0.07286920101279173,0.14186709788606058,0.2127104108449829,0.22180721509411097,0.16584585686856446,0.09818104186247814,0.04570479512273034,0.008751732984878111,0.0014802251411837402
17_3_1,0.02709589074999525,0.06278392968877011,0.13359431131029373,0.21756720157064444,0.2257682613197095,0.1666276033949034,0.10617702166274826,0.04988250175154944,0.009013127464160452,0.0014901510872256795
17_6_1,0.03800383101533223,0.08464486342300111,0.1806525136361992,0.22378753127455026,0.20893617741567222,0.13820832415763065,0.07830842068058988,0.03798518394645588,0.008095692591576881,0.0013774618589915471
18_2_1,0.04223373496219727,0.0956543202131849,0.19755227851730467,0.2368383131546255,0.20388249070754896,0.1204836453128304,0.06511983912099788,0.02987409390822076,0.007103697858444211,0.0012575862446455154
18_8_1,0.043646612680160936,0.09912554875274157,0.2000005242667825,0.2369623539718494,0.20187572003275792,0.11733380558987962,0.06332146384874701,0.029455973598878617,0.007028296764910188,0.0012497004932922559
19_3_1,0.043745255576084566,0.10069631043072436,0.18829490531420845,0.2172940437610045,0.20466670758244493,0.13402075361952323,0.06952126052164985,0.03286611281319937,0.007556131997211209,0.0013385183839495572
20_3_1,0.04084594477325422,0.09395752825051971,0.18919801720851417,0.2457046812020114,0.2083036163761698,0.11750810330946256,0.06638902177766448,0.02986288350764816,0.006978061154328054,0.0012521424404275197
21_1_2,0.03772632034423643,0.08511278486683983,0.17835112697122704,0.2292303114349209,0.2130923102245056,0.13582967893830847,0.07652838178876462,0.03506917823010281,0.007714496214349378,0.0013454109867447714
21_2_1,0.057856532933251235,0.12417695470085945,0.2520072447811749,0.2297382776807408,0.176843921878399,0.08999273720520737,0.04283098004416108,0.019767108361763888,0.005721612176674317,0.0010646302377679627
21_5_1,0.01604411874741213,0.03265907009116985,0.06675107166492322,0.13018110163458702,0.19764095579999058,0.22574719951756128,0.19303562505555277,0.12290843850706094,0.013134110302777726,0.0018983086789645179
24_6_1,0.04170025142929337,0.0929560031778321,0.19814543426792539,0.24129333159903038,0.20381949829081264,0.11802117985042056,0.0655948631411359,0.030104361392051766,0.007110539515658011,0.0012545373358399605
24_7_1,0.060637617658452284,0.13279024843317147,0.2561767102041927,0.22353894081828057,0.17254398313652544,0.08836325574767931,0.040366661178886765,0.018945821982670356,0.005590823625543554,0.0010459372145975917
25_7_5,0.03348399951472606,0.08017835323162763,0.15862678890269757,0.2439994897027963,0.22263048465737725,0.13489267575979702,0.08167141961185131,0.03563289661492157,0.007545931800381312,0.0013379602038237931
26_1_2,0.04341787024487737,0.09901515836174814,0.19696749235920827,0.2354237598097259,0.20318792265076224,0.11898275373172407,0.06461624868240076,0.030034630465661006,0.007090456184007499,0.0012637075098844265
26_2_1,0.04160501161317559,0.09311483856446484,0.19713184386203586,0.2394688329603833,0.2042621653956766,0.11970110690531158,0.06598860113661889,0.030318870382024746,0.007148766004755614,0.0012599631755529045
26_3_2,0.043082273588929035,0.09850929032564361,0.19530017727322538,0.23265738063366684,0.20388660252226679,0.1223578201437967,0.06543264721660937,0.03033861244875845,0.007162770607303888,0.001272425239799787
26_7_1,0.039945653875448926,0.08954633262786518,0.18955273618526966,0.2349104494536717,0.2079713183762903,0.12694078105798956,0.0701496656372635,0.03228539048240267,0.007401935467812788,0.001295736835985856
28_8_1,0.03548694842328056,0.0789655248542014,0.17126062151085125,0.23769187573900719,0.21581909319760945,0.13379307010253866,0.08069399036888793,0.037093208101536386,0.00783969947549683,0.0013559682265904065
29_1_1,0.04186582857357813,0.09369876694018317,0.19712531692011,0.23894350762145106,0.20430034667844615,0.11965954311877645,0.0657902434700586,0.030220012418369906,0.007136222535539915,0.001260211723486509
29_2_1,0.04770541723524262,0.10601140296136112,0.2160059143528426,0.2304140131616915,0.19519196365445876,0.11186841435746725,0.05769948525754265,0.02710480589452163,0.006781475246946504,0.0012171078779255
30_1_1,0.04218982206643204,0.09443877498489626,0.19690928464792748,0.23763678919737694,0.204066765436192,0.1201053370816393,0.06584498701291869,0.030382411164580857,0.007161085287493254,0.001264743120543066
30_4_1,0.03700920072670465,0.08280402458026988,0.1725924070263848,0.24010168965384623,0.21389232216946855,0.12899850612120362,0.07868364772898481,0.03680664065860661,0.007759583942208942,0.0013519773923219944
31_2_1,0.04770541723524262,0.10601140296136112,0.2160059143528426,0.2304140131616915,0.19519196365445876,0.11186841435746725,0.05769948525754265,0.02710480589452163,0.006781475246946504,0.0012171078779255
31_3_1,0.0399032021807342,0.09177445535569041,0.18496574277255456,0.24570178188326916,0.20962965089873997,0.11975285149980823,0.06880911898184085,0.03107399346846724,0.007118947811095842,0.0012702551477994765
32_3_1,0.026546535039547608,0.06134159705023726,0.12803162264946308,0.19483860732952432,0.21849734341862692,0.18645911451034328,0.11559620833044994,0.05726655695695842,0.009843592868158228,0.001578821846690838
32_7_1,0.051048941563722854,0.11045452374358415,0.22761949091477396,0.2210086735939566,0.19129034535637007,0.11100809255966043,0.05459317090164623,0.025169444878451113,0.0066048790046236905,0.0012024374832109116
32_9_1,0.02621761334836109,0.06073218792644311,0.12535919627208206,0.18922786319003562,0.2185717184351809,0.19238614177565888,0.11729140206663252,0.05865337948799077,0.009967888672084885,0.0015926088255302196
33_5_1,0.03512520898713164,0.08019623930393943,0.15913664595114746,0.2103066697148117,0.21598765606993642,0.1573143479049155,0.08908363698005568,0.04279350861378301,0.008594291367687069,0.001461795106591918
33_8_1,0.0402918204469027,0.09419100871366909,0.17748509535427717,0.21970103901657204,0.2091831837887709,0.1398281577712374,0.07479608659232086,0.0353572045140536,0.007801609076071242,0.0013647947261250263
36_1_1,0.04049548179661634,0.09463320540775762,0.17841403548589505,0.22024530137236806,0.20889918510990532,0.13899523006317133,0.07421055085184569,0.03498774416348485,0.007759876886155987,0.0013593888627997936
36_6_1,0.03697933989061117,0.08891767418535135,0.16503762648998255,0.20895258780890041,0.2142601789745169,0.1562961867143553,0.08227888681174816,0.03775970463658783,0.00810694173057737,0.0014108727573689576
38_7_1,0.03198310250544386,0.07199460411999874,0.15697121763610075,0.22219347697901184,0.2174955059735881,0.15302698023074823,0.0921225149659958,0.04412304732614444,0.008650066042739803,0.0014394842202284448
38_8_1,0.03675193542403258,0.082809803225151,0.17514898614986893,0.21934265882684276,0.21074743214183203,0.14493792764006744,0.0813496694566667,0.03925522197594425,0.008258516944130968,0.0013978482154631295
41_2_1,0.0426522020032018,0.09495130075529025,0.19882958106079476,0.2405619598204399,0.2051883457161809,0.11593152670662048,0.06438221299946759,0.02928113832427113,0.006972614523892016,0.0012491180898411805
41_9_1,0.030407887952768352,0.06903339423319024,0.14945710262771647,0.21406580775796982,0.22028751804490773,0.16292091298647443,0.09717014888059802,0.04631087740211157,0.008875841031336635,0.0014705090829267224
42_9_1,0.03577205853538203,0.08292638857530787,0.16277508676705213,0.21075790562506375,0.21533788480692906,0.15614722321895894,0.08570388704465175,0.04073901906651479,0.008403289274511274,0.0014372570856284008
43_2_1,0.04494888046532967,0.09854177160697462,0.2013766576312892,0.23376935209451385,0.20135232555813018,0.11679196039505566,0.06438251284468219,0.030407613869680536,0.007154471858204311,0.0012744536761398282
43_6_1,0.02673771724138971,0.06200950386656471,0.1293588263557099,0.19298588062064795,0.21761634364961974,0.18820207931304492,0.11457262743861929,0.057075971310262125,0.009864379933276811,0.0015766702708647992
44_3_1,0.017264787514753424,0.034658052833513114,0.07595865512698055,0.14925304191376484,0.20448824984117378,0.20694025059555857,0.18327942858138996,0.11355127753273492,0.012744860130738785,0.0018613959293920256
45_8_1,0.040582750200371935,0.09262554806076985,0.1857353569843753,0.2255012865131159,0.20575814357136585,0.13448300721140236,0.07232615963819175,0.033963596538632464,0.0076905089768034,0.001333642304971057
46_3_1,0.030879978102378143,0.06962682772852741,0.15151474802268475,0.212909349769144,0.21515214396890278,0.16249093203488812,0.09858476502234365,0.04823798399448926,0.00911322328558301,0.0014900480710588093
46_7_1,0.03683606082733475,0.0857937245722448,0.16744084400772066,0.21873935876603187,0.21328452275332252,0.1487374066103175,0.08165280735575085,0.03800953164616846,0.008108286879471094,0.0013974565816374201
47_10_1,0.0362901995876504,0.0786756399640711,0.169707256217238,0.22390416730559878,0.2108330270705583,0.14153942714054382,0.0862756636435568,0.04275996542273312,0.008576448138104044,0.0014382055099458376
48_4_1,0.02782911928023264,0.06334929210980378,0.13603350455944743,0.19487569490890735,0.2156151632365237,0.18419253126900306,0.11091015057531262,0.055785167653428426,0.00984310226454213,0.001566274142798792
49_1_1,0.043364755502156696,0.0981203435559663,0.20041248600449854,0.23925005948486042,0.20124710554767145,0.1163991574561435,0.06341304765947985,0.029507181014028935,0.0070391146570815445,0.0012467491181129091
49_2_1,0.024330943091124976,0.05708626990595475,0.1160429031733395,0.1771768561761416,0.21914372258966647,0.20728602376430208,0.12448077563475846,0.06256410526476192,0.01026315744559561,0.0016252429543547496
49_5_1,0.025640158883012888,0.054222520026526465,0.11590294326088063,0.1865214462877405,0.21728313657243298,0.18546951951325244,0.13030759103377468,0.07213235556846752,0.010827727277474098,0.0016926015764378436
49_10_1,0.03952117801736488,0.08999751548924119,0.18163934800253131,0.2236742046710926,0.20634463482772988,0.1382440205994459,0.07540847057982941,0.03588777202147376,0.007923814009115338,0.0013590417821757275
50_5_1,0.03375430485610044,0.07291914693091596,0.1560665151053254,0.2281655075420321,0.2167468797323975,0.14243100727395047,0.09335480611763686,0.046371552707341855,0.008724324811692063,0.0014659549226072874
51_5_1,0.02789124333094897,0.06398169552901305,0.1340198261051381,0.20170346564996877,0.2218268435264115,0.1782044530351452,0.10832019115111238,0.0530596933310547,0.009454712673276607,0.0015378756679306862
52_5_1,0.038549702375250954,0.08690735501306189,0.18627574326187066,0.2320807484540986,0.2105370769192708,0.13139581675238,0.07234413492178758,0.033096851740463444,0.007503433557502432,0.0013091370043137186
53_2_1,0.04383115964549696,0.1012057507349002,0.19060621721377516,0.21677494148758675,0.20376014093509895,0.1341935100979951,0.06835435386894294,0.03242043377218922,0.007525574735494323,0.001327917508520562
53_4_1,0.02621761334836109,0.06073218792644311,0.12535919627208206,0.18922786319003562,0.2185717184351809,0.19238614177565888,0.11729140206663252,0.05865337948799077,0.009967888672084885,0.0015926088255302196
57_9_1,0.038876771750993536,0.08902857990735547,0.17567302611513128,0.2214769275454458,0.20966467702738353,0.1411587371631239,0.07784562266030752,0.036906658184855314,0.007989016137852906,0.0013799835075506916
59_3_1,0.02507982354038387,0.05886563644585487,0.11995728821234122,0.18102685531558202,0.21895906754342545,0.20323778994056357,0.12087276189542673,0.060280800697889006,0.01011269641624667,0.0016072799922866277
59_4_1,0.03718205965355163,0.08376900904186804,0.17731903268884672,0.22084285426589978,0.21089741214972224,0.14277116967703724,0.07959704072129976,0.03810869903844581,0.008128790174891834,0.0013839325884369249
59_7_1,0.026597554002242983,0.058803083200755175,0.12024301425349004,0.19733730729341695,0.21660290328925955,0.17595639191504447,0.12577077297848924,0.06665316834996865,0.010377782551579144,0.0016580221657537277
60_3_1,0.02725028753084977,0.0633749720679752,0.1309233219945492,0.19544015549028054,0.21956189242234925,0.18547158043531653,0.1120040937280687,0.05476913195083266,0.009642884461556941,0.0015616799182212309
60_6_1,0.030414551541752387,0.06905040976260376,0.14877578704758018,0.21054219211457975,0.21381708077197065,0.16540306959759524,0.10121545414990585,0.04998514512289433,0.009288894693500704,0.0015074151976173292
62_1_1,0.029539705592523495,0.06655713262858268,0.1453025398493535,0.20592990329675753,0.2148514211332777,0.1709149284594627,0.10398535782546765,0.05191189523259706,0.009481986745624737,0.0015251292363529102
62_5_2,0.048251797534598996,0.10811146711029292,0.2032025112188426,0.2210101280746461,0.19553374726742073,0.12158441975290041,0.06310393364564719,0.030611284795208225,0.007295137717853701,0.0012955728825891335
63_4_2,0.03199499263994763,0.0730696858792528,0.1549813485816815,0.22130713779454722,0.21845192284011664,0.1541667378676531,0.09232484174352545,0.04366780459376288,0.008594105492887626,0.0014414225666251337
63_7_1,0.039209613097851724,0.08857024312596545,0.1867808471681344,0.23182198012171684,0.20864640406471027,0.13118018682107224,0.07196051515259677,0.032998454831726316,0.007521054380744976,0.0013107012354808267
64_1_1,0.02879924565019951,0.06162934579063356,0.1350703684071954,0.20741618837801085,0.21568091590971278,0.16622166508643033,0.11362541894023434,0.05995285076566102,0.010009295236459272,0.0015947058354628559
64_8_1,0.03131049799364221,0.07298486777597016,0.14653134798104706,0.20781216617512052,0.21869180718916562,0.16925463196632226,0.09690633837293756,0.04610122730291472,0.00892226018003971,0.001484855062840236
65_1_1,0.035612410873026606,0.07815803210130075,0.17309655996528697,0.24017675288893883,0.2154780463824376,0.13135887238612926,0.07996649217190026,0.03698710390845366,0.007816654588860116,0.0013490747336659865
65_2_5,0.03341850098998984,0.07551528365193128,0.1500782712803818,0.1950246618050945,0.2121702090627858,0.17473976412863146,0.09826113140379188,0.04981910009306482,0.009444470246200683,0.001528607338127962
66_4_1,0.03541158371774688,0.0785937371852,0.1704893951856989,0.22584727691831596,0.2153490508771333,0.14279736475303617,0.08299605440064756,0.03898189412528456,0.00814387059059448,0.0013897722463423721
66_6_1,0.03033996419045446,0.06951776666664146,0.1443465398780958,0.20773549136135985,0.21838048336873966,0.16846989882533542,0.10060643213719361,0.04987270818944281,0.009223084528755053,0.001507630853981918
66_7_1,0.026350415670659457,0.06522055477591446,0.12855745653415077,0.19875702400658998,0.2281608222007364,0.19035070002701077,0.10515459228342933,0.04707083471935455,0.008896631157456815,0.0014809686246974713
68_1_1,0.03648471524597176,0.08508956186559845,0.16670336551990275,0.22316431791942498,0.21592564372580347,0.14422686711283705,0.08126443154926302,0.03776811417935048,0.007983609062577713,0.0013893738192702857
68_3_1,0.03577205853538203,0.08292638857530787,0.16277508676705213,0.21075790562506375,0.21533788480692906,0.15614722321895894,0.08570388704465175,0.04073901906651479,0.008403289274511274,0.0014372570856284008
68_5_1,0.03609594080840868,0.08280815230470964,0.17044469944768378,0.22274824554585043,0.21518940722875388,0.14485412247281643,0.08071234312340637,0.03774466342783806,0.008022960105458433,0.001379465535074248
70_8_1,0.017606586460647274,0.03481997223101081,0.07713724187839874,0.15096495303267693,0.20461828118695705,0.2033653365188664,0.18255304284638119,0.11427838355270274,0.012788383598708234,0.0018678186936506196
71_3_1,0.03416560589639921,0.0798190266891324,0.15783954592044194,0.2128335561903124,0.21485765829674636,0.15881873488445897,0.08945511826917908,0.04220500658678464,0.008558821134517005,0.0014469261320279108
71_4_1,0.04661525004952053,0.1036261977999884,0.2135560790192199,0.2337257974327809,0.19587627887038192,0.11243826074453984,0.05865585473722954,0.02745363041636068,0.006833878620167299,0.0012187723098110743
72_2_1,0.035505616652144384,0.08086258203026905,0.15958431376162888,0.21971416600760227,0.21316310944180797,0.149297709982484,0.08860557517211208,0.04323039072660394,0.00858461666332151,0.0014519195620259447
72_7_1,0.036103697744041034,0.07823983835629504,0.16542677984527104,0.21657294963265222,0.21211965219341739,0.14968621248486902,0.08785980648503058,0.043800013310035184,0.008733058608468467,0.0014579913399199273
73_5_1,0.034644199630352424,0.07422873883929451,0.20050639611480123,0.27099278861396586,0.20878462271100534,0.10789683369254016,0.06654600414075881,0.028473927644670265,0.006751740403391604,0.0011747482092198049
75_4_1,0.03675193542403258,0.082809803225151,0.17514898614986893,0.21934265882684276,0.21074743214183203,0.14493792764006744,0.0813496694566667,0.03925522197594425,0.008258516944130968,0.0013978482154631295
76_1_1,0.04392676447599588,0.09980916817179855,0.1989604330936388,0.2382179414073791,0.2014757849985785,0.11625929110364822,0.06342219241305842,0.029644510614031838,0.0070316319596732185,0.0012522817621975974
76_4_1,0.04353133356220292,0.09890790678503286,0.19929921000308326,0.23652695901706774,0.20208139648314274,0.11793882234157363,0.06370543157885994,0.02969520221044913,0.007059791845025511,0.0012539461735622353
76_7_1,0.0424131853396102,0.09499215168997244,0.19654624799711648,0.2373662179603935,0.2036958525307786,0.11999429091961306,0.06607863762731034,0.030473170895150364,0.007171684965994649,0.0012685600740601256
77_1_1,0.05327183234976169,0.11723776873137237,0.2411565424493314,0.2236880771886954,0.1843300505113322,0.10281444503857434,0.04814143849989996,0.022081566989787995,0.006154895775448405,0.0011233824657961545
78_1_1,0.047463302576858685,0.10340239369208011,0.227257735486103,0.2435503574385723,0.1933002401418802,0.10149097628102324,0.05280493456539033,0.023368944205994405,0.0062258529082135396,0.0011352627038842013
78_8_1,0.01867069235905165,0.038076623734272494,0.08215833730717527,0.1509185602474635,0.20693368522066627,0.20868052152139158,0.1747666213586485,0.10546784873092915,0.012468987573383005,0.00185812194701852
80_4_1,0.035612410873026606,0.07815803210130075,0.17309655996528697,0.24017675288893883,0.2154780463824376,0.13135887238612926,0.07996649217190026,0.03698710390845366,0.007816654588860116,0.0013490747336659865
80_7_1,0.039945653875448926,0.08954633262786518,0.18955273618526966,0.2349104494536717,0.2079713183762903,0.12694078105798956,0.0701496656372635,0.03228539048240267,0.007401935467812788,0.001295736835985856
81_6_1,0.04770541723524262,0.10601140296136112,0.2160059143528426,0.2304140131616915,0.19519196365445876,0.11186841435746725,0.05769948525754265,0.02710480589452163,0.006781475246946504,0.0012171078779255
81_7_1,0.03761751241042248,0.08263816078757473,0.18441770874975771,0.23699355997762572,0.21138911052917264,0.12908845046226028,0.07464285056749852,0.03429068520099432,0.00760329577771481,0.0013186655369786327
83_4_1,0.04643132805187306,0.10329097493358431,0.21314859971119526,0.23320705457776736,0.1962228709927163,0.11293258369107782,0.05902659626415453,0.027656297225769778,0.006860905848968223,0.0012227887028933232
83_8_1,0.037211359868799,0.08204541542132006,0.17474391259875327,0.2427955666667939,0.21336152744488435,0.12630312559237988,0.07781787675751194,0.03664739191308273,0.007729745705576243,0.0013440780308986077
84_3_1,0.03021676879307537,0.06862612584517198,0.1474129064919478,0.21400689222431832,0.22031689478892236,0.16321380045700704,0.09855112016382789,0.04723144831743513,0.008944465101892592,0.0014795778164012991
84_4_1,0.03561557225142087,0.07877004499564108,0.1720405554733773,0.2369434271122926,0.21577541316585644,0.13396584857099916,0.08048380967639676,0.03718925800679313,0.007859242240994952,0.001356828506227764
84_8_1,0.04770541929494353,0.10601140394050636,0.21600591608621278,0.230414005653974,0.19519195961284677,0.11186841976836132,0.05769948610452971,0.027104806216378823,0.006781475443888316,0.001217107878358578
85_2_1,0.03896913409845572,0.08829653452209792,0.1773124590896219,0.21904844959796185,0.20744376443158233,0.14331790689461493,0.07834664948638832,0.03772725931889481,0.008148768419614625,0.001389074140767609
85_4_1,0.04487991887557154,0.10057942872241732,0.2011993332042164,0.22315401032848403,0.19864042401792875,0.12633031543366802,0.06530986537101144,0.03120197199784241,0.00740958270309176,0.0012951493457682031
87_1_1,0.041865828572236405,0.09369876693996763,0.19712531691774102,0.2389435076263586,0.20430034668223837,0.11965954311473662,0.06579024346960986,0.030220012418199712,0.0071362225354214765,0.0012602117234903215
88_3_1,0.054457294586721716,0.11592547672165732,0.2532163089293335,0.2306477690413463,0.181094557687784,0.09339650355262284,0.044501237400649526,0.019916054527463763,0.005774724529627026,0.0010700730227940756
88_4_1,0.030150358609117533,0.06885491262719914,0.1487251252247945,0.21257276951862122,0.22063108685678384,0.1650156144371298,0.09730865796123944,0.046382039949845986,0.008889290300124066,0.0014701445151445278
89_6_1,0.04770541723524262,0.10601140296136112,0.2160059143528426,0.2304140131616915,0.19519196365445876,0.11186841435746725,0.05769948525754265,0.02710480589452163,0.006781475246946504,0.0012171078779255
90_2_1,0.04152904030417325,0.0926934334017761,0.19228367558676043,0.23631851713659002,0.20578823723400505,0.12283392275035425,0.06830042321744437,0.03165423156146797,0.007310712490868656,0.0012878063165597104
90_5_1,0.04852877115077355,0.11128900724185453,0.19355774724529504,0.21859308414058828,0.19764687149358318,0.12660874062634986,0.06428068150126402,0.030828769371322715,0.00735110783557754,0.0013152193933911366
90_6_1,0.046642914120200926,0.10438784172720687,0.21215770532237557,0.23048303229694608,0.19689424585204643,0.11443144590674101,0.059164673319583874,0.02774192552753864,0.006868199388004998,0.001228016539355571
91_3_1,0.04218982206643204,0.09443877498489626,0.19690928464792748,0.23763678919737694,0.204066765436192,0.1201053370816393,0.06584498701291869,0.030382411164580857,0.007161085287493254,0.001264743120543066
91_4_1,0.04069264129758378,0.09077672667777804,0.1925320640066704,0.2379465240615259,0.20645651967600578,0.12295973128510441,0.06843045225272953,0.03161974910600762,0.007304093398318843,0.0012814982382757538
92_1_1,0.04353133356220292,0.09890790678503286,0.19929921000308326,0.23652695901706774,0.20208139648314274,0.11793882234157363,0.06370543157885994,0.02969520221044913,0.007059791845025511,0.0012539461735622353
92_5_1,0.038462050324171174,0.08556513289276375,0.18437702667984762,0.2340094355987826,0.21093774301930143,0.12999643808999953,0.07377088765963914,0.033984210703223126,0.007576128634804564,0.0013209463974670087
93_6_1,0.04764014046645323,0.10782615223654626,0.19395768328806842,0.22443941945687756,0.19843095124573062,0.123597417324261,0.06470046076895392,0.030776192192465534,0.0073240084435294865,0.0013075745771140219
95_2_1,0.042288937128913726,0.09681562053157097,0.19618865055773496,0.2347193419453263,0.20429245064149046,0.12205745034691257,0.0651807271982469,0.03006624968727989,0.00712852785576113,0.00126204410676329
96_1_1,0.046137369099959795,0.10515076260506921,0.1863674797005751,0.22145848388736247,0.20062090921368786,0.12989313288341026,0.06804811723289884,0.03333191739477873,0.00764803339754909,0.0013437945847087152
96_10_1,0.03847525409286345,0.08284586207849193,0.18548995940500382,0.23609113540226476,0.2110802901006375,0.1276115528441897,0.07458876583457043,0.0348338720901282,0.007654924256239904,0.001328383895610436
97_1_1,0.017606586459629498,0.03481997223116448,0.07713724187685751,0.15096495303965557,0.2046182811963452,0.20336533650656605,0.18255304284537818,0.11427838355232604,0.012788383598399245,0.0018678186936783336
97_2_1,0.01618920073014791,0.03343383428399549,0.07227454094911424,0.14363291220790225,0.20397707091349837,0.21665308325879726,0.18564915832087725,0.11369195310726414,0.012656963985119002,0.0018412822432840347
97_3_1,0.047225109247963984,0.10768945780464187,0.19218153418294603,0.22312298969359257,0.19919276348115403,0.12558199617189467,0.06520872831243979,0.03111443299671263,0.007369896469670205,0.0013130916389843847
97_7_1,0.042288937128913726,0.09681562053157097,0.19618865055773496,0.2347193419453263,0.20429245064149046,0.12205745034691257,0.0651807271982469,0.03006624968727989,0.00712852785576113,0.00126204410676329
97_8_1,0.046642914120200926,0.10438784172720687,0.21215770532237557,0.23048303229694608,0.19689424585204643,0.11443144590674101,0.059164673319583874,0.02774192552753864,0.006868199388004998,0.001228016539355571
99_1_1,0.04083302527697911,0.09176311787914468,0.19434002001035378,0.2389521838868416,0.20575463197221863,0.12181677904754269,0.06728212933997424,0.030784599197536015,0.007205237109109451,0.0012682762802997116
100_2_1,0.048070889949313265,0.10914024995484092,0.19240995611659584,0.22258990278475088,0.1980525631712383,0.12471590133582053,0.06494111465108687,0.03136343514573126,0.007398500181570155,0.0013174867090519824
100_7_1,0.038826383728644075,0.08762974851291469,0.18641524058795916,0.23349229167685567,0.21030355422967675,0.12975391623527543,0.07188149532643537,0.03292732018919579,0.007464211025804103,0.0013058384872389045
101_5_1,0.041662331457134445,0.09493165525936756,0.19537062317392626,0.23575061283800383,0.20509888724179579,0.12262035740605334,0.06597043339423186,0.03018448584718562,0.0071469608863367045,0.001263652495964517
102_7_1,0.04488366238332456,0.10103811671140855,0.2001236888740762,0.2207884715084128,0.1995100717172629,0.1277263128281504,0.06583962618142215,0.03136453363441426,0.007422858187631889,0.0013026579738962588
102_8_1,0.032960915515158,0.07391265160759988,0.15470712997355263,0.22795527504167318,0.21443251655007373,0.14455213916878887,0.09500456759040128,0.04627341328956063,0.008732937950994588,0.0014684533121973543
103_7_1,0.02190857876690624,0.052202251351258354,0.10426024202019193,0.16998694276285914,0.220244531363986,0.2189071201966244,0.13389416303994053,0.06650368506334466,0.010448717644061585,0.0016437677908274087
103_8_1,0.044399853511577256,0.10075470675473865,0.1988716695328864,0.23471931543356833,0.20159384508056785,0.11788570333978073,0.06368038612629123,0.029765118164323087,0.007068496645988029,0.001260905410278474
104_2_1,0.038549702375250954,0.08690735501306189,0.18627574326187066,0.2320807484540986,0.2105370769192708,0.13139581675238,0.07234413492178758,0.033096851740463444,0.007503433557502432,0.0013091370043137186
104_4_1,0.03761751241042248,0.08263816078757473,0.18441770874975771,0.23699355997762572,0.21138911052917264,0.12908845046226028,0.07464285056749852,0.03429068520099432,0.00760329577771481,0.0013186655369786327
104_7_1,0.053752134250657585,0.12211230973519596,0.20666236259505943,0.22405797889403498,0.189997395459682,0.11202698427126977,0.055924508146605,0.027361581007732116,0.006862743479533149,0.0012420021602301797
105_1_1,0.059481565907888896,0.13084350323521773,0.25340173436137087,0.22284192818780815,0.17471997610354972,0.09121648980182664,0.041443781155076735,0.01932154110654047,0.005671464619722918,0.0010580155209979564
106_10_1,0.03144707853817236,0.07171899731312412,0.14639401347592473,0.19707400473812972,0.21511286730876722,0.1741659220947188,0.10198205603375071,0.05112993813185556,0.009427421708566886,0.0015477006569899242
107_5_2,0.03861020816739585,0.09162498568704106,0.17100827863422385,0.2166501256719855,0.21258496299478363,0.14624345547689976,0.07777412388810181,0.036225177486505285,0.00789804852791154,0.0013806334651517418
107_7_1,0.03916973835888979,0.0914380699863346,0.17496556043631017,0.21820354446898277,0.21062506076339868,0.1439106643206185,0.07665125988317353,0.03578392504458426,0.007879498138948077,0.0013726785987595955
107_8_2,0.026960577344790092,0.06401436348506523,0.1276500738036721,0.1913870931635342,0.2200986290965903,0.1909500253532301,0.11304269210213307,0.05469281552817388,0.009636862987084233,0.0015668671357269533
108_7_1,0.032608872936925666,0.07866720112761115,0.1405235291805919,0.2402251380763903,0.22054208879746684,0.1393217457436685,0.0940662614786258,0.044310867957396485,0.008291761300108244,0.0014425334012151223
108_10_2,0.02607233585613606,0.06048276013649179,0.12279138527481154,0.1866120088679464,0.21842163992274635,0.1950277089905496,0.1190774371906843,0.05984715560347533,0.010061470775092996,0.001606097382065632
109_8_1,0.034280638876572074,0.07848374479522305,0.14825355648021335,0.21284412636261132,0.21839150611330055,0.15660812357865156,0.09454291001419454,0.04629991212808022,0.008795881317158914,0.0014996003339945907
110_1_1,0.035330664085554304,0.08357614871236023,0.16208393596769546,0.2201769516364585,0.21829940047531501,0.1501518675458887,0.08315140188253758,0.03782571584003164,0.00800840028445497,0.0013955135697037973
110_5_2,0.016091236672046903,0.03228971853251092,0.06486248768457287,0.12441061572045653,0.19688001321222542,0.2299608867414546,0.19445021145691785,0.12583627210575485,0.013297223154046868,0.001921334720013102
110_8_1,0.02251259600939992,0.05257960746467927,0.10466138137316862,0.1823750191606615,0.22123940484924445,0.2007546395639541,0.13520711389392331,0.06858414160437214,0.010431986053564787,0.0016541100270319807
112_11_1,0.04072915684859446,0.0907987217801606,0.19213080267346794,0.23642435881928894,0.2063991037486557,0.12409438280103335,0.06885597175877814,0.03192597267244941,0.0073536714579415935,0.0012878574396297375
112_12_1,0.026522231975851525,0.062250415687166084,0.12442459623176638,0.20320297427007314,0.22291055186013192,0.1784121038631831,0.11517122224951332,0.05597908390235028,0.00956092212674896,0.0015658978332151203
113_5_1,0.024446411838059377,0.05691577284199239,0.11379008980022644,0.17713748991392889,0.21799161703954267,0.2051647239751476,0.12750157055830524,0.06498603060971003,0.01041779761658827,0.0016484958064991618
113_7_1,0.014514539458101734,0.030722628253972643,0.06169798024738074,0.12157949098882752,0.1941022302154294,0.24063639820283636,0.1972104602161647,0.12458451373357679,0.013084775376225993,0.0018669833074841451
115_7_1,0.016494820731391812,0.03389983745030805,0.06801387922413984,0.1285629292078988,0.19891602556540308,0.23037123095263745,0.1894730408528734,0.11932910550323865,0.013039863960458998,0.001899266551649709
115_11_1,0.0304168671960636,0.07092729666004002,0.14266616177800234,0.19518377182927463,0.21826098949440223,0.18020279353704263,0.10207049944117043,0.04946560499316531,0.00927299250443699,0.0015330225664017948
115_12_1,0.025100551738106835,0.05469580545265322,0.11445496565735228,0.18949424544160426,0.21859595815305427,0.18539661564110835,0.13021074098459187,0.06977583850080846,0.010602309872499672,0.0016729685582207376
116_3_1,0.026550449470948007,0.06319175739647129,0.12785846143766047,0.19057889193921307,0.2205301880205879,0.193007485605485,0.11275679306741763,0.05434285835143121,0.009623493317576285,0.0015596213932092824
116_8_1,0.016752990001256473,0.033849529378859246,0.06878296386631942,0.1318592819062587,0.19905597340705536,0.22300890962553638,0.19038030154524355,0.12129522549005423,0.013106645356440225,0.0019081794229763996
117_1_1,0.02614519735180995,0.06041776495123887,0.124941047610368,0.1876751683074992,0.21829651091011518,0.19388758857123284,0.11780955400764148,0.059200266909379705,0.010028909325623336,0.00159799205509141
118_12_2,0.021831357797429486,0.049923603352711114,0.10602670666736445,0.17364871197571521,0.21404248535506823,0.20975928757122525,0.13860543268306388,0.07347912235385802,0.011006775083934488,0.0016765171596297838
119_3_2,0.034418927192024606,0.07977824222983035,0.1558649110636161,0.20624962186711981,0.21725111095610475,0.1630188525132627,0.09040089440225665,0.042919709745354785,0.008629818367885305,0.0014679116625448839
119_10_1,0.0246468762903395,0.05495038895831992,0.1148194847095272,0.182001853244681,0.21589996276608564,0.19468865696147775,0.13095984957275678,0.06962468599187692,0.010730146868868513,0.0016780946360669985
119_12_2,0.03888499407306945,0.08997683675155951,0.1725617251393519,0.2198492882396057,0.21165318661775606,0.14263933330271059,0.07832706815720925,0.036774773686075984,0.007947634414186824,0.0013851596184748453
120_2_1,0.03512520898713164,0.08019623930393943,0.15913664595114746,0.2103066697148117,0.21598765606993642,0.1573143479049155,0.08908363698005568,0.04279350861378301,0.008594291367687069,0.001461795106591918
120_3_1,0.03441440891786189,0.07795042147115851,0.15764945809426759,0.21139188503303688,0.21695081590418358,0.15765278872181707,0.09056583884380226,0.043323243975463076,0.008635921387453817,0.0014652176509553961
120_7_1,0.0538335638939243,0.1164273354203678,0.23207113789704073,0.22132074677156757,0.18665983504007252,0.10630757841669859,0.05156922456261087,0.0241731055929657,0.006458759718098963,0.0011787126866528873
120_10_1,0.03319661388944078,0.07900310071978009,0.1563338788077237,0.2137738962889752,0.22051360356633068,0.15969082746895258,0.08759934472893548,0.04018709072444238,0.008280661727284566,0.0014209820781344695
121_11_1,0.04045509983615269,0.09124266815472479,0.18569851679389202,0.22647873966305468,0.20434562174240914,0.1337025428754307,0.07362419556487233,0.03526342064713606,0.007842670678568779,0.001346524043758922
122_5_2,0.014963401609179139,0.030623252044865067,0.061715508000172926,0.12037589743152585,0.1933913220822089,0.236127912336156,0.19819298279554604,0.12938066321774477,0.013331546990214521,0.0018975134923868097
122_15_1,0.035159721131412726,0.07094942815398037,0.14950559913430417,0.21134293156333187,0.2157621802164416,0.15035546369210193,0.10021942504895594,0.05549505074228772,0.009631495055136241,0.0015787052620473538
123_7_1,0.04631072184114659,0.10425358917480657,0.20643240931185564,0.23546940083391735,0.19853464303649954,0.11266687612941939,0.06035883418361004,0.02790972491806654,0.006830752296584067,0.0012330482740944304
124_1_1,0.016634309009645916,0.03672733892103469,0.07434689265635165,0.1350887888536878,0.20774400228218579,0.23926839986328036,0.17694083507575376,0.09934134651192153,0.012092272093215724,0.0018158147329228502
124_7_1,0.035345106550374414,0.0834325708728863,0.16189062761779935,0.2201047609312992,0.21839839358170768,0.1501675022128101,0.08331467645891642,0.037929903690235876,0.008019098827045736,0.00139735925692502
124_10_1,0.015560621182668863,0.032224741535266464,0.06480437604224419,0.12599095742156277,0.19774909241668198,0.23368061420563965,0.19353100123174194,0.12152372221317768,0.013046897666333554,0.0018879760846829037
125_1_1,0.03816989707620023,0.0857575041256652,0.1833427035185096,0.23162164440807345,0.2114152991959779,0.1327245738827885,0.07417278630336153,0.033884919950967866,0.0075872819680491525,0.0013233895704064828
125_4_1,0.038914340514405066,0.08757147520280853,0.18258292961311431,0.22905435228920612,0.21104948405833382,0.133475971609372,0.07430967241588904,0.034088944732706544,0.007619100671265019,0.0013337288928994045
127_7_2,0.04474961628174406,0.1024606822363105,0.19179100145267677,0.21557772691343577,0.20311282764012545,0.13263984661491465,0.06829058386236216,0.032518146741988406,0.007524568266418068,0.0013349999900243402
127_12_1,0.0402918204469027,0.09419100871366909,0.17748509535427717,0.21970103901657204,0.2091831837887709,0.1398281577712374,0.07479608659232086,0.0353572045140536,0.007801609076071242,0.0013647947261250263
128_1_1,0.039022444221611885,0.09180817204593768,0.1747438629723659,0.21313922634889323,0.2111502377410049,0.1472058082727761,0.07784706314207315,0.03580450453832673,0.007895093781405996,0.0013835869356043772
128_7_1,0.043175118384744984,0.09930957877312388,0.1894640843415646,0.2156032572232266,0.20469511549700717,0.13591219662668885,0.06982154556207198,0.033073819181278954,0.007605619617798711,0.0013396647924942412
129_7_1,0.043283323127432334,0.09942556526676992,0.19105551009114863,0.21714746104692054,0.2044688705613782,0.13420752689650117,0.06893636430864582,0.032602636516328276,0.0075428834004246555,0.0013298587844504763
