psu_hh_idcode,subjective_poverty_1,subjective_poverty_2,subjective_poverty_3,subjective_poverty_4,subjective_poverty_5,subjective_poverty_6,subjective_poverty_7,subjective_poverty_8,subjective_poverty_9,subjective_poverty_10
1_7_1,0.034926236236609474,0.08148728677481863,0.1618013172455978,0.2340524576608321,0.21976015729116408,0.13740777733881368,0.0824766859083208,0.03870877115417374,0.007912486437011052,0.0014668239526588317
1_8_1,0.03725584656366404,0.08151729870086225,0.17827501113930486,0.2400170552098638,0.21125256197788167,0.12833704414262528,0.0769024529397853,0.03712699183672666,0.007876923628612113,0.0014388138606742063
1_10_1,0.01940855309499439,0.039247665398977026,0.08348590286372157,0.152763612075033,0.20599516954441044,0.20723581601507932,0.17361155124475935,0.10387607325087493,0.012397191491102435,0.0019784650210473596
2_3_1,0.028990070543507253,0.06628109331029561,0.13885253789303867,0.20082744715473416,0.2148933312972259,0.17724225414466108,0.10832638708198182,0.053364973687691865,0.009576009422095104,0.001645895464768584
3_1_1,0.040486756318523255,0.09166952263695091,0.18427781488226663,0.2265001787507247,0.20434076926876546,0.13431031677368857,0.07338610445571589,0.035697643484677334,0.007890424417895303,0.0014404690107920409
5_4_1,0.016153996223046047,0.03293445328516864,0.06551842979708224,0.12570424013024256,0.1963364437789459,0.23204434914699795,0.19614602665631595,0.12020258890227449,0.012949838709837331,0.0020096333700888105
7_8_2,0.016781343594372177,0.033124778477712905,0.06583726412383928,0.12388888614004284,0.194941823916818,0.2289250825817076,0.19636870261880995,0.12483164968574849,0.013253422218702253,0.002047046642246547
7_9_2,0.04321512818395055,0.09904433316789861,0.19624784674283563,0.23319602939121417,0.204076914317082,0.12103637161918093,0.06406981449076588,0.030591912065013507,0.0071667078360856725,0.0013549421859731386
9_1_1,0.038840895138008015,0.08730133680033433,0.18169499838255215,0.2363568352253463,0.21074714679129566,0.12843970638934643,0.07307660899191414,0.03455161737938605,0.007576292578589634,0.001414562323227313
9_3_1,0.028024823050482095,0.06640159160558169,0.12966203989218597,0.18842986151192462,0.21875552200949894,0.1910168780108231,0.11266357613902976,0.05382732632462859,0.009548138141128308,0.0016702433147170247
10_6_2,0.04621854101432913,0.10380362422179897,0.20946136816478125,0.22898083307846806,0.19769407938385014,0.11743685924172885,0.059488280365117045,0.028607700560868737,0.006980498284990536,0.0013282156840673223
12_7_1,0.04419653095577458,0.10000100301744479,0.1969639145313537,0.23070677210290097,0.2028607100934333,0.12222263687706479,0.06393735738623672,0.03055670476249853,0.007192494895559935,0.0013618753777325367
13_3_2,0.029545765337715597,0.060244747794008235,0.14441105729462064,0.2333958912696189,0.2190254553844353,0.1405243634252532,0.1044267757366553,0.057279018805564574,0.009529320510362937,0.001617604441765152
15_4_1,0.04229641968484269,0.09502558978495261,0.19833526483348315,0.2407324267659375,0.20430786241347493,0.11755318064812606,0.06357801021100518,0.029799270953271086,0.007035576059635329,0.0013363986452715917
15_8_1,0.028361944667968778,0.06244526247728098,0.13652928881938595,0.20788274581681032,0.215342559699991,0.16831275843565502,0.11097803120582807,0.058618203257984905,0.009870855902974193,0.0016583497161207486
15_9_2,0.040447441613251464,0.09133498216723282,0.18880164883899006,0.23706850667736973,0.2067812637415718,0.12462953179321666,0.06928468573919819,0.03282375330843158,0.007441706704319348,0.001386479416418387
15_11_2,0.051018953015747937,0.11449095750655414,0.21221542286607756,0.23081069397732346,0.19163658948202247,0.11032765567644257,0.054864833579719746,0.026573507129472665,0.006763104402735651,0.0012982823639038617
16_7_1,0.02627317151935779,0.05712177546358722,0.12193867955890203,0.19122943170275944,0.2165655471053016,0.18426396500945838,0.12478024946258746,0.06566316580480562,0.010415408046075493,0.0017486063271647772
16_8_1,0.04025357458331781,0.09024858807739272,0.18286632379718265,0.21540772610556128,0.20664667041182228,0.14312655948691097,0.07585198128612342,0.0361733707566017,0.00794946397848198,0.0014757415166050522
16_9_1,0.030810781554505735,0.07311008237414089,0.14115187623756917,0.20938922457373285,0.22243430117238472,0.16726679915069861,0.09926798020511107,0.04622556616715851,0.008761159195613608,0.0015822293690848266
17_3_1,0.02718312884142555,0.06378735420326394,0.1314794351788613,0.2159653514234327,0.22594372842967148,0.16611112932718006,0.10813778208879707,0.05075803697316955,0.009037852422504886,0.0015962011116936055
17_6_1,0.03820873043870506,0.08553052738448556,0.1794701254590497,0.22479511544042624,0.20809393777121182,0.13800357315632578,0.07790414156452534,0.03838978703522632,0.008130435871391048,0.0014736258786532499
18_2_1,0.042205595892735585,0.0966162188110111,0.19645122623367597,0.237196175806503,0.20329270904305233,0.12073867383987529,0.06469347231853997,0.030298529455738743,0.007160815898421253,0.0013465827004467646
18_8_1,0.043596732861751926,0.09981118501003383,0.1991792496086354,0.2362338973968917,0.20221751946545857,0.1180933925393779,0.06260789708957293,0.029837584374633377,0.007085249274358413,0.0013372923792859181
19_3_1,0.04382367976266086,0.10035700516637068,0.18966748060695127,0.21511020816188184,0.20436015922805237,0.13577996916914947,0.0687776265804001,0.03310420389232598,0.0075902502676081915,0.0014294171645990578
20_3_1,0.04049015227356106,0.094145664064941,0.1881920394254045,0.24325408304496768,0.20958067383593204,0.11964038248778316,0.06587365973357351,0.030436083543713164,0.007046244636598525,0.001341016953525402
21_1_2,0.03764825333863787,0.08568441705990631,0.1775515607257691,0.22910407440502736,0.21205727682215036,0.13659305131059685,0.07650712479438015,0.03565062154372709,0.00776274218708358,0.0014408778127214846
21_2_1,0.05718896858674373,0.12335164015441659,0.25223445737636846,0.23112391270463536,0.1757164744999595,0.0914536898661692,0.041796213637408146,0.020186854622971474,0.005807271724731627,0.0011405168265959124
21_5_1,0.01664595157912535,0.03336278674436703,0.06740632904959828,0.12995153315184532,0.19696456766036705,0.22463714440893173,0.1943668888260551,0.12160146930973946,0.013043608086926744,0.0020197211830438448
24_6_1,0.041637874899726014,0.09411353927338718,0.1964768081701992,0.24261192457390368,0.20302392452780335,0.11797393378031537,0.06507232443071247,0.030575109342185436,0.007171337907915989,0.0013432230938512772
24_7_1,0.06002106266833205,0.1313457708941594,0.2572594933373501,0.22350323119945575,0.17226827987997873,0.09024270234622557,0.039280885590354274,0.01928582939367027,0.005672716095394761,0.0011200285950791658
25_7_5,0.03315010532117685,0.08031338494073052,0.1580568861033727,0.23981612464259758,0.22381314923833762,0.13791473097006438,0.08175537296743005,0.03616351685286388,0.007586309969186667,0.0014304189942396614
26_1_2,0.04329301603808215,0.09921097364727824,0.1967528331711748,0.2336253167772005,0.2039440254347202,0.12051725879210595,0.06376681741308983,0.03039783178487277,0.007140411970543023,0.0013515149709326386
26_2_1,0.04156062863746025,0.09425883412168008,0.19552246930529937,0.24063087282317056,0.2034536774059348,0.11964424069092448,0.06557227685180585,0.030797523993719798,0.007210104828997568,0.0013493713410072652
26_3_2,0.04304700255453669,0.09899775435689466,0.19498605844427694,0.23130448166004752,0.2040900200111593,0.12338030593728046,0.06488277089244637,0.030733142433101625,0.007216682564324299,0.0013617811459321401
26_7_1,0.039967534549936956,0.09079280232179059,0.18793394151364193,0.2361495817009454,0.20680931572006062,0.12658571589965126,0.07005745539815501,0.032848658175424705,0.007466361599578327,0.0013886331208153367
28_8_1,0.03537588401303113,0.07989249829261842,0.1693672244157616,0.23756130981647125,0.21572569014832338,0.13417522665532391,0.08069437187776161,0.03785635223710607,0.007898609977332651,0.0014528325662700702
29_1_1,0.04181999665592765,0.09481597700026761,0.19566946644842975,0.2399234812752281,0.20350513399027953,0.11965296467976776,0.06536505845490695,0.030699745490911545,0.007198529096671643,0.0013496469076094374
29_2_1,0.047707432534465216,0.10639565429138784,0.21636943613295048,0.2312328818425749,0.19390067366488123,0.11238824042357504,0.05652892946988784,0.027348565999647998,0.006828037005808912,0.0013001486348204784
30_1_1,0.04215291882341267,0.09545132715442162,0.1956343780020594,0.2382074151101287,0.20344975849060093,0.12025875534003573,0.06539811860796053,0.0308688817603219,0.007223948723555586,0.0013544979875030224
30_4_1,0.03689683487517508,0.08346968854997536,0.1712272335776518,0.23785516724651581,0.2155170444271732,0.1302439617673825,0.07805560810229471,0.037471677191214234,0.007815984607332857,0.0014467996552842942
31_2_1,0.047707432534465216,0.10639565429138784,0.21636943613295048,0.2312328818425749,0.19390067366488123,0.11238824042357504,0.05652892946988784,0.027348565999647998,0.006828037005808912,0.0013001486348204784
31_3_1,0.039523866532059394,0.09187497040622515,0.18375479022834748,0.24294701371169267,0.21127180928826778,0.12207429270504172,0.06833571487253189,0.031671790294428105,0.0071855509267633915,0.0013602010346424288
32_3_1,0.026872884141769145,0.06201586837011914,0.1268462924314669,0.19425666505781852,0.21776854345148183,0.18583367535275294,0.11732764860180955,0.05757531087944528,0.009816231036853666,0.0016868806764829439
32_7_1,0.05061445505581643,0.10933975038845785,0.22913065780438194,0.2226606678132557,0.18832812052237277,0.1129645208901875,0.053472387512984575,0.025541748970316722,0.0066626124489653805,0.0012850785932613342
32_9_1,0.026582602002795684,0.06144079571477155,0.12427529110557617,0.18865035753861,0.2175963310698008,0.1913198814801318,0.11945241472334323,0.05903537741914202,0.009944420264218915,0.0017025286816100907
33_5_1,0.03521590570267027,0.0803460602028438,0.15881040044330388,0.20913264726696232,0.21529904467694036,0.15837475787970828,0.08934910453639545,0.04328674703627717,0.008622596285004171,0.0015627359698940136
33_8_1,0.04037059560781211,0.09423608591798907,0.17770725845821847,0.21714120246743626,0.20970693176288238,0.14137351336856763,0.07449701159520052,0.03567056349998035,0.007838103190221164,0.0014587341316920483
36_1_1,0.04055136051655798,0.09465398719167568,0.178603686103568,0.21764644893278196,0.20947249384556518,0.14058581061770242,0.07392367585452092,0.03531177023501289,0.00779759015143763,0.0014531765511773972
36_6_1,0.03689532982838638,0.0879032915967034,0.16608492054005394,0.2047157656433885,0.2145414390875161,0.159772517714042,0.08248467615348781,0.03799398464628026,0.008101065416407354,0.0015070093737341195
38_7_1,0.032128603213467055,0.07312156918076729,0.1546767665842828,0.2227017855734706,0.21697035210939544,0.1522138778024739,0.09307793189093241,0.044875030694298906,0.008691271393133238,0.001542811557778192
38_8_1,0.03694502238512841,0.08349195292155051,0.17406915016199845,0.21985376832265044,0.20982304733042237,0.14500112119228264,0.08134753128185726,0.03968480717743693,0.008287518536801342,0.0014960806898717423
41_2_1,0.04229641968484269,0.09502558978495261,0.19833526483348315,0.2407324267659375,0.20430786241347493,0.11755318064812606,0.06357801021100518,0.029799270953271086,0.007035576059635329,0.0013363986452715917
41_9_1,0.030571927516646096,0.07004505449915774,0.14751922874329643,0.21453674860141292,0.21898058056835132,0.162048201421518,0.09872147584077332,0.04709095436660792,0.008909273269344582,0.0015765551728915569
42_9_1,0.03590073773471802,0.08321880969243436,0.16251067901813307,0.2098936236411769,0.2143826491728327,0.1568817422712081,0.08609165685237552,0.04115119319721933,0.00843196263054908,0.0015369457893528843
43_2_1,0.044635062360584864,0.09826226455350827,0.20090141092906016,0.23270926986766924,0.20157792657442505,0.11890285407624193,0.06341223965816538,0.031006164790084556,0.007228920960096244,0.0013638862301644634
43_6_1,0.027071139996133663,0.06263275940359721,0.12810139169751186,0.19244491202494463,0.21683357784676807,0.18753029363166218,0.11646920690654339,0.05739599104768994,0.009835720139229443,0.0016850073059194886
44_3_1,0.01789063403532179,0.035720175403243716,0.07642870097092834,0.14979748340836682,0.20447367692781696,0.2051914136335591,0.1833624688361345,0.11247814701149436,0.012674268017322389,0.0019830317558118867
45_8_1,0.04064483510133982,0.09323648931908671,0.1847717944109062,0.2254544305271012,0.2052462404406296,0.13484375828464606,0.07226806967857184,0.03436874816580242,0.007738334257470956,0.001427299814445103
46_3_1,0.031115531509438597,0.07045673180070046,0.14954264917855647,0.21335388761453952,0.2147121600729741,0.1620039990349354,0.09936208336398931,0.0487368645752581,0.009121831321544338,0.0015942615280637048
46_7_1,0.036912419764637834,0.08619555257439339,0.16695240039159326,0.21712903103678863,0.21305107260660058,0.1495647735346811,0.08209481049463928,0.03846101137856833,0.008143483421401407,0.0014954447966963086
47_10_1,0.03614144610566879,0.07864323229316295,0.167660973506091,0.2237654073898876,0.21096824857584437,0.14321675682725746,0.08597195768137551,0.04346880222381371,0.008625273309612073,0.0015379020872867645
48_4_1,0.028135548153269522,0.06403962289105698,0.13407928592851287,0.1955901874569387,0.21443408629830152,0.18301638425471292,0.11293615655510005,0.05626024832119771,0.009832639073178802,0.001675841067730863
49_1_1,0.04329002022973061,0.09887749421729188,0.19917220709598113,0.2390601109968623,0.20149389249455413,0.11703880459794076,0.06273713590567433,0.029898485970733437,0.007097724141866718,0.001334124349364651
49_2_1,0.02475469711916633,0.05782344051605961,0.11533478470189623,0.17704290529309735,0.2171077919665839,0.20554374482504534,0.12760339158589218,0.06282446525212178,0.010227041873583347,0.0017377368665539006
49_5_1,0.02597186142777278,0.05487700485205155,0.11427484951798583,0.18601987046140286,0.21751014770032312,0.18436184699796163,0.13112844013971575,0.0731968125222423,0.010851949146366623,0.0018072172341774058
49_10_1,0.03959294480769094,0.09052820233110227,0.18033578152674562,0.22366233800081609,0.20604886490737856,0.13864551903361874,0.0754450951977437,0.0363174674680746,0.007969470160033021,0.0014543165667963368
50_5_1,0.03370118030810928,0.07325109460605725,0.1543792355716625,0.22520961621143984,0.21918500234768593,0.1439279906917683,0.09270043611192025,0.04730622482907191,0.008771131489272542,0.0015680878330124744
51_5_1,0.028110618011962345,0.06473742130921835,0.13236012208644465,0.200378037996287,0.22129787126486766,0.17750360254968908,0.1105828101377104,0.05391144258757921,0.009470198841465783,0.0016478752147754015
52_5_1,0.03855452584272614,0.0880898340825806,0.18463105138608593,0.23384391901973853,0.20885737921677766,0.1309775109314753,0.07242631022670425,0.033654716275234114,0.007561618653131381,0.0014031343655461137
53_2_1,0.0439736871404545,0.1013202376259346,0.19143366043209836,0.21577938075763195,0.203063076227776,0.13498696311833663,0.06780846705546682,0.03265308377446163,0.007562505827425833,0.0014189380404135239
53_4_1,0.026582602002795684,0.06144079571477155,0.12427529110557617,0.18865035753861,0.2175963310698008,0.1913198814801318,0.11945241472334323,0.05903537741914202,0.009944420264218915,0.0017025286816100907
57_9_1,0.03893058551971968,0.08927535667733154,0.17515554677838904,0.22026395190245254,0.20961022876335875,0.14222795330510007,0.07770145801727389,0.03732995454203717,0.00802930357726294,0.0014756609170742804
59_3_1,0.025493035162095574,0.059639701074185925,0.11907293402898564,0.18075250831246198,0.21715624397319647,0.20149641464102666,0.12395198477591765,0.060633555775473025,0.010084239103605959,0.0017193831530510704
59_4_1,0.03738701563661569,0.08462505380319713,0.17628325463561179,0.22171598122444225,0.20962280880866282,0.14257442421877883,0.07960854904640932,0.038538319611721175,0.008163001182757191,0.0014815918318036823
59_7_1,0.02679242813018981,0.05861007627713009,0.11978429954327321,0.19345616323298603,0.21928923105877882,0.17894549016312972,0.12436306960708737,0.06667920648722281,0.010318255508100952,0.0017617799921011402
60_3_1,0.027600065114181244,0.06416578788182838,0.13001988218380625,0.1948643599709459,0.21852402265770518,0.18462539430157265,0.1138109725742011,0.05509660648137066,0.009623161410679117,0.0016697474237094792
60_6_1,0.03061655090912382,0.06947908376121682,0.14693616727770217,0.210103197976855,0.21401157349418298,0.1658221679217188,0.10178544129059086,0.05035890533088141,0.009276195747021623,0.001610716290706364
62_1_1,0.029807538932887557,0.06734684070421666,0.14303763082237053,0.20669593547777673,0.21422638249785336,0.17002397604590636,0.10528258187639668,0.05246028977713497,0.00948679429721878,0.0016320295682384991
62_5_2,0.04835272585981465,0.1076490732224006,0.2046360396843423,0.21912678929207632,0.19570591501756163,0.12320139408187633,0.06180691017661887,0.030803268459860252,0.007335666063950322,0.0013822181414985622
63_4_2,0.03204631095224968,0.07377371724506339,0.15310037180523856,0.22032579026595336,0.2183655190370034,0.15459501842671217,0.09324985231600703,0.04437208422588945,0.008627351096582409,0.001543984629300591
63_7_1,0.03919984383181619,0.08957650810327396,0.18522192410094995,0.2331870320790808,0.20722027090323283,0.13104842798417565,0.07203310108371924,0.033530159837695306,0.007578462774579066,0.001404269301476916
64_1_1,0.028957661313500502,0.062158892688674916,0.13262195566299007,0.20674474291028938,0.21688123335598822,0.1661959118637825,0.11388701201142602,0.06081912979047915,0.0100301085085968,0.00170335189427261
64_8_1,0.03141196935266943,0.07354604018428787,0.1451350202196056,0.20702585998454479,0.21791307984580544,0.16910753974470277,0.09862163952445506,0.046703404068266785,0.00894591414007462,0.0015895329355877707
65_1_1,0.035495079329044596,0.07934671062931416,0.17057511038583678,0.24103320268321002,0.21513279283293968,0.13118939457655493,0.08003308230626494,0.037858461132418385,0.007889742537754152,0.0014464235866623642
65_2_5,0.033162698772147586,0.07526923719740213,0.14935657440000719,0.1967137591991976,0.21367065767522744,0.1723118168195178,0.09855617830381005,0.04998675919967677,0.009338518585971407,0.0016337998470419843
66_4_1,0.0354539983282238,0.07952507966964313,0.1688510121423831,0.22651656806612772,0.21423845611478265,0.1425807637813529,0.08339044007463489,0.03975529614266661,0.008198322871361994,0.0014900628088230382
66_6_1,0.030542243862152423,0.07020245678039955,0.1424383718461057,0.2062188633599388,0.21868570507490806,0.16824268181527188,0.10219276233077457,0.05061549204643718,0.009246359579345352,0.001615063304666493
66_7_1,0.02647031566137157,0.0660304139578457,0.12716653520888588,0.19605095177539394,0.22669223190752974,0.1895260666265942,0.10959363034516173,0.047967751066680345,0.008911123861362651,0.0015909795891742066
68_1_1,0.03637874358774678,0.08501288341255944,0.16632328636384094,0.22100517559786184,0.215889869487123,0.14638604375471626,0.08123904681316857,0.03825579514075069,0.008024029780607397,0.001485126061625154
68_3_1,0.03590073773471802,0.08321880969243436,0.16251067901813307,0.2098936236411769,0.2143826491728327,0.1568817422712081,0.08609165685237552,0.04115119319721933,0.00843196263054908,0.0015369457893528843
68_5_1,0.03619863809442867,0.08369069088546877,0.16927032431933758,0.22219525774719098,0.21464037306896122,0.14487255095704718,0.08122152352522648,0.038360894662834204,0.008071052787075246,0.001478693952429646
70_8_1,0.01824482449902767,0.035921427372028844,0.07755924135954051,0.15177106006215896,0.20470152025920313,0.20149957405349087,0.18219494712822526,0.1133842841529564,0.012732871980510627,0.0019902491328579255
71_3_1,0.03417894213967053,0.07979550655768396,0.15699757749772086,0.2109464187020271,0.21495682996459545,0.16027568303509818,0.09011298710174927,0.04261883518772982,0.008570373334752803,0.0015468464789723103
71_4_1,0.046630763285767214,0.10439936628684679,0.21306350358908038,0.23507999233902185,0.19454148362490353,0.11258381615264713,0.057748988307450316,0.02775996556339682,0.0068890092579396885,0.001303111592946356
72_2_1,0.0355044849017895,0.08087216086005944,0.15851245271129202,0.2170170652133872,0.21474368727668647,0.15101709221088933,0.08843614989380531,0.04373187803529521,0.008614146912938936,0.0015508819838566592
72_7_1,0.03615654754135942,0.07895550845885492,0.16312326905543703,0.2177152076258176,0.21140785739869455,0.14916318212861926,0.0883837443589562,0.044724947473541894,0.008807708351751558,0.0015620276069674322
73_5_1,0.03450708284563675,0.07703480877544469,0.19444498282967512,0.28016210406299885,0.2048980991387131,0.1051397940410091,0.06654839868042546,0.0291851336969143,0.0068185368360249325,0.001261059093157812
75_4_1,0.03694502238512841,0.08349195292155051,0.17406915016199845,0.21985376832265044,0.20982304733042237,0.14500112119228264,0.08134753128185726,0.03968480717743693,0.008287518536801342,0.0014960806898717423
76_1_1,0.0439275703461797,0.10055332929466551,0.19834605115769044,0.23685969100994883,0.20227682275651773,0.11707746767106646,0.06253467262753551,0.02999739047452306,0.0070876741778806325,0.0013393304839919725
76_4_1,0.04349176931787357,0.09958938748586076,0.19847833836389556,0.2357799941491427,0.20243512107843878,0.11870009259996217,0.06299205239364443,0.030074998845140394,0.0071165029859401405,0.001341742780101421
76_7_1,0.042346484998667326,0.09573978058729933,0.19568728413335096,0.23729358495350691,0.2033411386208056,0.12059692155610191,0.06548070719520323,0.03092759475127841,0.007228679515811314,0.0013578236879751503
77_1_1,0.05265218953487967,0.11606292606563895,0.2411679559961902,0.22523705674133565,0.18275223728993523,0.10470987199897261,0.04747338616382107,0.022512392495568453,0.006227436401952458,0.0012045473117056095
78_1_1,0.04693786710868386,0.10370503227958433,0.2257787347832026,0.24579942591128706,0.19160199596072275,0.10256504720854695,0.0521533958922563,0.023935351729340956,0.006305295947544085,0.0012178531788311939
78_8_1,0.01940855309499439,0.039247665398977026,0.08348590286372157,0.152763612075033,0.20599516954441044,0.20723581601507932,0.17361155124475935,0.10387607325087493,0.012397191491102435,0.0019784650210473596
80_4_1,0.035495079329044596,0.07934671062931416,0.17057511038583678,0.24103320268321002,0.21513279283293968,0.13118939457655493,0.08003308230626494,0.037858461132418385,0.007889742537754152,0.0014464235866623642
80_7_1,0.039967534549936956,0.09079280232179059,0.18793394151364193,0.2361495817009454,0.20680931572006062,0.12658571589965126,0.07005745539815501,0.032848658175424705,0.007466361599578327,0.0013886331208153367
81_6_1,0.047707432534465216,0.10639565429138784,0.21636943613295048,0.2312328818425749,0.19390067366488123,0.11238824042357504,0.05652892946988784,0.027348565999647998,0.006828037005808912,0.0013001486348204784
81_7_1,0.037543184824118885,0.08382367397253244,0.1822617360097753,0.23934368705865877,0.20971250774898553,0.1286708755396747,0.07458391636432184,0.03497992575682768,0.007667103490792972,0.0014133892343118233
83_4_1,0.046415481242468165,0.1038809663036048,0.21274321546729194,0.23443391158363397,0.19496439293466705,0.11330435175397936,0.05808325488164372,0.027954044215349215,0.006913128092933892,0.0013072535244278455
83_8_1,0.03709193533038711,0.0829865266710633,0.17275045431421532,0.2415376319741139,0.21474202549574425,0.12700288125889717,0.07723195335390166,0.03741706509978027,0.007800263426580015,0.0014392630753169578
84_3_1,0.030349092235063935,0.06947026246324126,0.1455094017729568,0.21373994628541584,0.21956136279179075,0.16279870222870468,0.09999345955627258,0.0480185934660937,0.008973706441606022,0.001585472758854365
84_4_1,0.03552581643849459,0.07983452267136171,0.16993205075848394,0.2373590851425272,0.2153571359751143,0.13399367937712664,0.0806018780104411,0.0380152758293554,0.0079260431874711,0.0014545126096239442
84_8_1,0.047707432534465216,0.10639565429138784,0.21636943613295048,0.2312328818425749,0.19390067366488123,0.11238824042357504,0.05652892946988784,0.027348565999647998,0.006828037005808912,0.0013001486348204784
85_2_1,0.039085500415808945,0.08881748878126783,0.17609334530269632,0.21910811973750668,0.20699903681186135,0.14351707466063846,0.07850510105822095,0.038192746321604,0.00819511050368002,0.0014864764067151139
85_4_1,0.04500658245285371,0.10114252466258639,0.2006297901722926,0.22418868380988263,0.19741515361436637,0.12641974294867048,0.0648171179705404,0.03153179653310223,0.007463402898477969,0.0013852049372271096
87_1_1,0.04181999665592765,0.09481597700026761,0.19566946644842975,0.2399234812752281,0.20350513399027953,0.11965296467976776,0.06536505845490695,0.030699745490911545,0.007198529096671643,0.0013496469076094374
88_3_1,0.05376153672478344,0.1154371784746057,0.25292312976452797,0.23454899114409797,0.17795011114798082,0.0944284678186749,0.043596573656222284,0.020356203336232198,0.0058511418766387276,0.0011466660562359054
88_4_1,0.03033784093009275,0.06996559839100444,0.1466753074366709,0.21324001547425636,0.2191801660552758,0.1637985215513064,0.099120102850959,0.04718011909923697,0.008925483251872696,0.0015768449593246685
89_6_1,0.047707432534465216,0.10639565429138784,0.21636943613295048,0.2312328818425749,0.19390067366488123,0.11238824042357504,0.05652892946988784,0.027348565999647998,0.006828037005808912,0.0013001486348204784
90_2_1,0.04148853637183554,0.09356621796471953,0.19123526835924623,0.23636412309240315,0.20535239652723813,0.12321930798502478,0.06783873011272162,0.032183017258311436,0.007373424221957923,0.0013789781065417443
90_5_1,0.048404938881553894,0.11042819463132676,0.1949086133041887,0.21532601306163376,0.1981935178570422,0.1290987818474172,0.06364528616357383,0.031169063001559374,0.007421031010003186,0.0014045602417009633
90_6_1,0.04665965019155181,0.1048813718483742,0.21222602008157318,0.23116480110797857,0.1957702334240884,0.11489749708355869,0.058161212450066516,0.028010133439331616,0.006916575566118563,0.0013125048073585194
91_3_1,0.04215291882341267,0.09545132715442162,0.1956343780020594,0.2382074151101287,0.20344975849060093,0.12025875534003573,0.06539811860796053,0.0308688817603219,0.007223948723555586,0.0013544979875030224
91_4_1,0.040686926373107585,0.09203455404985562,0.190804886271662,0.23917782640014776,0.2055613286816461,0.12266752952855374,0.06815408157195109,0.032169421728034914,0.007370471062729535,0.0013729743323117173
92_1_1,0.04349176931787357,0.09958938748586076,0.19847833836389556,0.2357799941491427,0.20243512107843878,0.11870009259996217,0.06299205239364443,0.030074998845140394,0.0071165029859401405,0.001341742780101421
92_5_1,0.038418747571042876,0.08655862691419633,0.1828562439973154,0.23507504917873917,0.20979117348594853,0.13002436133879436,0.07362143861446781,0.03460364704302623,0.007635332646463223,0.0014153792100058587
93_6_1,0.047358874644490304,0.10707670565348625,0.1947774270779417,0.22207921720269583,0.19878152171083363,0.12594706655793908,0.06404567320825978,0.03114220618426274,0.0073948807599390045,0.0013964270001514919
95_2_1,0.04228298727029452,0.09771789139996048,0.19517162891892617,0.23449230820309114,0.20406042779646377,0.122438005002223,0.0648233362700249,0.030476079810371415,0.007185850318152801,0.0013514850104918794
96_1_1,0.046027189060942525,0.10494698093989807,0.1861799124157127,0.21933774420948182,0.20126734170359087,0.13142577419051923,0.06784105632999453,0.03380238160230023,0.0077352251920925616,0.0014363943554673486
96_10_1,0.03839699439492279,0.08401300547732252,0.18340711066727702,0.23848794446656163,0.20942611236669684,0.12714812802218337,0.07433970647068613,0.035627110721686533,0.007729898217063143,0.0014239891955999313
97_1_1,0.01824482449902767,0.035921427372028844,0.07755924135954051,0.15177106006215896,0.20470152025920313,0.20149957405349087,0.18219494712822526,0.1133842841529564,0.012732871980510627,0.0019902491328579255
97_2_1,0.01683026015835621,0.034609481756752804,0.07268364809199694,0.14429884130218326,0.20384050615783728,0.21355380678910235,0.18707737883888562,0.11256147501107311,0.012581155046342156,0.0019634468474702747
97_3_1,0.04701787518224601,0.10712059924849232,0.19290997805837998,0.22075670069858258,0.19950749494964765,0.1276919699255454,0.06467552117111125,0.031475659515552715,0.0074416631285334845,0.0014025381219086228
97_7_1,0.04228298727029452,0.09771789139996048,0.19517162891892617,0.23449230820309114,0.20406042779646377,0.122438005002223,0.0648233362700249,0.030476079810371415,0.007185850318152801,0.0013514850104918794
97_8_1,0.04665965019155181,0.1048813718483742,0.21222602008157318,0.23116480110797857,0.1957702334240884,0.11489749708355869,0.058161212450066516,0.028010133439331616,0.006916575566118563,0.0013125048073585194
99_1_1,0.04081216654433524,0.09298079066569803,0.19274345314389005,0.24017186512158362,0.204792801082165,0.12164579147424984,0.06696515433877709,0.03126449495630929,0.0072651002588019695,0.0013583824141900405
100_2_1,0.04790716081626135,0.1085598375192849,0.19319785363224018,0.21980951321112152,0.19873773932379354,0.12684396380196886,0.06431952770962204,0.031741896557456406,0.007475379925666361,0.0014071275025848626
100_7_1,0.038819593036482476,0.08874610344790192,0.18491868346675078,0.23479631273857396,0.2089832587811691,0.12955364173645229,0.07180123025653606,0.03346122274896792,0.007520924926051164,0.0013990288611142872
101_5_1,0.04163880543402637,0.09591331808112023,0.19421936289816516,0.23606459303723654,0.20444493576920458,0.12284391432952725,0.06569656134627934,0.030620614390565258,0.007204418740294422,0.0013534759735809316
102_7_1,0.04494990675931985,0.10111418776386519,0.20028828180898936,0.2210357533579109,0.198462307288186,0.12849567947275173,0.0651578281218703,0.03163895662278772,0.007464868831080412,0.0013922299732384528
102_8_1,0.03295867437705016,0.07378523173084546,0.1539776042683879,0.2239814704497261,0.21752073033323635,0.14748702934344893,0.0934753914095188,0.04652973297220121,0.008719131962146475,0.0015650031534387215
103_7_1,0.022253023304196495,0.05279686569681144,0.10357073605052461,0.1687092918516951,0.21819930544443503,0.21727800577607395,0.13826735742423477,0.06677724020551622,0.010391391940891509,0.0017567823056209564
103_8_1,0.04432407405402984,0.101023242963075,0.1987779842551037,0.23286795263200719,0.20235248152013163,0.11925931518092275,0.06279221652545498,0.030132183775700223,0.00712201993225316,0.0013485291613215256
104_2_1,0.03855452584272614,0.0880898340825806,0.18463105138608593,0.23384391901973853,0.20885737921677766,0.1309775109314753,0.07242631022670425,0.033654716275234114,0.007561618653131381,0.0014031343655461137
104_4_1,0.037543184824118885,0.08382367397253244,0.1822617360097753,0.23934368705865877,0.20971250774898553,0.1286708755396747,0.07458391636432184,0.03497992575682768,0.007667103490792972,0.0014133892343118233
104_7_1,0.05341324482494336,0.12097561008871514,0.20789903202278753,0.22073840649587528,0.19173743179109665,0.11419469542117998,0.05507038542449373,0.0276972429041746,0.006947363584987539,0.0013265874417462604
105_1_1,0.05891575038177031,0.12959623395665693,0.25439557169427995,0.22306822350462624,0.17404842082685032,0.09294422981246656,0.040473859381556856,0.0196720323360051,0.005752354846608827,0.0011333232591787675
106_10_1,0.03185272317400206,0.0721023702246599,0.14644213507012585,0.1967564325701687,0.21394189276957276,0.17453157860363544,0.10209598130036408,0.051219070774720286,0.009406116640518217,0.0016516988722326614
107_5_2,0.03862451286976719,0.09143405223544031,0.17142686805029328,0.2134191207777037,0.21300552413964413,0.1482752334802711,0.0778555665287395,0.03655707526907197,0.007925904001634017,0.001476142647434631
107_7_1,0.03928184100890461,0.0917401524893546,0.17503524815940605,0.21644280049345274,0.21027946369599687,0.1449209631317243,0.07676059611780718,0.03615318052027083,0.007917338927381065,0.0014684154557017253
107_8_2,0.027267188401695598,0.06448235330979299,0.127127991069979,0.18955171833073586,0.21931300432500586,0.19099164855775805,0.1150739580560886,0.05491774211711638,0.009600257311553092,0.0016741385202745703
108_7_1,0.03219591517488315,0.07737767096878813,0.14011279827054965,0.22822020278453964,0.2287142007199726,0.14602185225433362,0.09275314686099678,0.04476522222900218,0.008302894079173865,0.001536096657760382
108_10_2,0.02641120253537822,0.06100750178666934,0.1217995340569339,0.1853595009177156,0.21767095202010378,0.19442139038902292,0.12132841611166587,0.06025110714419449,0.010034133322720656,0.0017162617155951462
109_8_1,0.0343099363751188,0.07826384349599871,0.14828577652246927,0.20835738238608906,0.2202425568820359,0.1591091762785273,0.09418420003136807,0.046826978292683945,0.008819889673524903,0.0016002600621840034
110_1_1,0.035243324679160325,0.08357364198620677,0.16184791311571625,0.21772107537553154,0.21769814724644135,0.15227941566284794,0.08371887389975854,0.03837613371166896,0.008048421916693613,0.0014930524059746772
110_5_2,0.01669650383641441,0.03298140675264122,0.06559174637956143,0.1241514174636268,0.19525557774620553,0.22848686962909717,0.19679637292517865,0.12476935350984412,0.013225148936879762,0.0020456028205509723
110_8_1,0.022788558505586334,0.05294965596667021,0.10399273860504736,0.17928778440885396,0.22186352384263017,0.20117160471598708,0.13706350112832777,0.06875162191067535,0.010368755510169364,0.0017622554060525678
112_11_1,0.04073580443852091,0.09200964735719606,0.19046168813584852,0.2376198464301558,0.20546653532530768,0.12381671405393267,0.06861012420412682,0.032479985180042616,0.0074198250018239625,0.001379829873044869
112_12_1,0.026573840734121393,0.06224174458726027,0.12341519808408694,0.1994481384059213,0.22392705428043894,0.18063717957848954,0.11618787575453426,0.05636744239652762,0.009532270443600468,0.001669255735019521
113_5_1,0.02479784372834499,0.05721613376676115,0.11335743327614446,0.1755757685639042,0.21693032782270177,0.20515320280273092,0.12975568620181663,0.0650959609145538,0.010359046825023014,0.001758596098019205
113_7_1,0.015086683738725815,0.03140534975870345,0.0621800747633177,0.12114783400743412,0.1933649422901799,0.23841711149836528,0.2004640752491671,0.12298614099919082,0.012961224329961907,0.001986563364953938
115_7_1,0.017149231212404997,0.03466149803539564,0.06899702386539613,0.1285192498894842,0.197547729509193,0.22898533670728588,0.19119619830786208,0.11796752393588895,0.012954179825355298,0.002022028711733892
115_11_1,0.030869679399786326,0.07176544789405867,0.1427910066311306,0.19540799857191488,0.21605197128590625,0.17936170269559873,0.10323361592530202,0.04961771220597113,0.009261949226512788,0.0016389161638184757
115_12_1,0.025391980420680308,0.055187378514719825,0.11326788330925472,0.1877647755003511,0.21947305730771716,0.1853754061707018,0.1307350124354042,0.07042912464711251,0.010591522687701124,0.001783859006357466
116_3_1,0.026905143150412595,0.06395788313621883,0.1271019773877577,0.18976400274385272,0.21904041466053614,0.19202957795427103,0.11531687403145018,0.054619221596864,0.009596544959600163,0.0016683603790367664
116_8_1,0.017364349038402192,0.03451782957355585,0.06969467842645531,0.13141308111189745,0.1983976354713769,0.22256875625486242,0.1910205478646948,0.11997505284347383,0.013018450241069788,0.002029619174211446
117_1_1,0.026528813953693584,0.06117138770133072,0.12379973882287165,0.18738442568865754,0.2170801627786499,0.19255144520486525,0.12015363740829474,0.059612340384259103,0.010009234445724146,0.0017088136116533194
118_12_2,0.02206039980304924,0.050085736659173694,0.10420738172283305,0.17275227387345557,0.21306416321421617,0.2095623379052278,0.14179742804539916,0.07374977002569497,0.010933439916572371,0.0017870688343780338
119_3_2,0.034481907672443836,0.07971147550761604,0.15582388003496794,0.20459554277271821,0.21622196412407227,0.1644637872133297,0.09108369202138815,0.043398667303437395,0.008649512232080386,0.0015695711179460618
119_10_1,0.024979209699935962,0.055227543906383236,0.11405256671238397,0.18105428455051648,0.21560041101330768,0.19510195051657234,0.1318269733211544,0.06969481930757036,0.010674564529064061,0.001787676443111358
119_12_2,0.03886595986278748,0.0898153541728953,0.17278643385328685,0.21713539754189218,0.21202850283119115,0.14459320691302868,0.07812868712404747,0.037184255930452347,0.007981454515656438,0.001480747254762275
120_2_1,0.03521590570267027,0.0803460602028438,0.15881040044330388,0.20913264726696232,0.21529904467694036,0.15837475787970828,0.08934910453639545,0.04328674703627717,0.008622596285004171,0.0015627359698940136
120_3_1,0.03449476945191679,0.07824722310751175,0.15712103414369044,0.21079485403073034,0.2158748665925577,0.15839421999953154,0.09095356318346771,0.043884636822682,0.008667925956505423,0.0015669067114062372
120_7_1,0.05337648763623687,0.11522428063523718,0.23328958431237232,0.22205558158279573,0.18485881172577817,0.10828017505780484,0.05052878532462111,0.024593445349251144,0.006531961988530795,0.0012608863873717088
120_10_1,0.033169149547983064,0.0792605487293747,0.15541002717725205,0.2125247664939465,0.21919626104159953,0.16093539466811058,0.08887087716554481,0.04079219050658601,0.00831916268728562,0.0015216219823171603
121_11_1,0.040486756318523255,0.09166952263695091,0.18427781488226663,0.2265001787507247,0.20434076926876546,0.13431031677368857,0.07338610445571589,0.035697643484677334,0.007890424417895303,0.0014404690107920409
122_5_2,0.01553455572512288,0.03129129704239985,0.06215559917416769,0.11996578578668464,0.1924570626570587,0.2340080582334399,0.20116764653302427,0.12816314762978914,0.013237446993679979,0.002019400224632994
122_15_1,0.03525281571264783,0.07147096017988143,0.14714672415347693,0.21012539478780365,0.2170045358043063,0.15041421760074694,0.09992093705541188,0.0572175053182771,0.009756231029331847,0.0016906783581159778
123_7_1,0.04618941836847018,0.10419040569358592,0.20735058929308803,0.23385693567306276,0.19869101125282715,0.11428845287126953,0.059070625699793725,0.028172323986095784,0.006873394480788531,0.001316842681018452
124_1_1,0.017363800869461064,0.03789540635130234,0.07618707425082898,0.13625475417070948,0.2046480849521138,0.23656964508525669,0.1797306341236578,0.09743862062815468,0.011974805141989432,0.0019371744265255899
124_7_1,0.03525203012541827,0.0834382988145281,0.1616475917875511,0.21770516107107582,0.21774649177497646,0.15227576927245207,0.0838874726053508,0.03849148365923366,0.008060650726079524,0.0014950501633343588
124_10_1,0.016153996223046047,0.03293445328516864,0.06551842979708224,0.12570424013024256,0.1963364437789459,0.23204434914699795,0.19614602665631595,0.12020258890227449,0.012949838709837331,0.0020096333700888105
125_1_1,0.03814154075611192,0.08669622528955231,0.18204576353092805,0.2327194438368094,0.20998225701233214,0.13274861694898363,0.07415513491845488,0.03445319285372964,0.007639947446456033,0.0014178774066419737
125_4_1,0.038850740812089606,0.08810223080978588,0.18200854938584216,0.22894096827190671,0.20999181274196937,0.13426119500402295,0.0741205108465578,0.03462911313942416,0.007666814701949534,0.0014280642864516805
127_7_2,0.04482956221656066,0.10187432955702032,0.19357216617246956,0.21348997710021997,0.20266179463656842,0.1345808417171344,0.06730673630376349,0.03270666128997065,0.007553222785144087,0.0014247082211484138
127_12_1,0.04037059560781211,0.09423608591798907,0.17770725845821847,0.21714120246743626,0.20970693176288238,0.14137351336856763,0.07449701159520052,0.03567056349998035,0.007838103190221164,0.0014587341316920483
128_1_1,0.03892922219179867,0.09081723919626647,0.1761232211989586,0.2099810929046789,0.21091159132060247,0.15040474614776636,0.07746200059955892,0.03599943800141238,0.007894351054770167,0.001477097384187251
128_7_1,0.04329808057347765,0.09916175356610511,0.19052247479863538,0.2144713158569123,0.20378413388721733,0.1371994654462514,0.06919776705885791,0.03329665494411656,0.007637355396930471,0.0014309984714959217
