psu_hh_idcode,subjective_poverty_1,subjective_poverty_2,subjective_poverty_3,subjective_poverty_4,subjective_poverty_5,subjective_poverty_6,subjective_poverty_7,subjective_poverty_8,subjective_poverty_9,subjective_poverty_10
1_7_1,0.034670879974497776,0.08132190717800784,0.1617421476985291,0.2347551659099409,0.2201987650784061,0.13677389861768527,0.08276244837250338,0.03854447402309451,0.007791290673812068,0.00143902247352305
1_8_1,0.03702803634639935,0.08129334044322771,0.1784502833873344,0.24056583363365205,0.211600156732743,0.12780735025070483,0.07712781303271207,0.036955834630721406,0.007761862924464467,0.0014094886180407292
1_10_1,0.019762632214829982,0.03926631352048434,0.08328056981844656,0.15395851129631127,0.20732849908093381,0.20529154019421111,0.17162366053570213,0.10507523315137941,0.01243144633675592,0.0019815938509453175
2_3_1,0.028979926500966747,0.06620387583291197,0.1386492829574813,0.20156898809803372,0.21547418460612713,0.17641990768736016,0.1082099590061869,0.053372674618358595,0.009497395464818021,0.0016238052277554138
3_1_1,0.040240162361508174,0.09148823192430398,0.184442449716638,0.2273563765709946,0.20446667939240257,0.13370173518095543,0.07361474206615927,0.035509696979119265,0.007771098931001216,0.0014088268769173724
5_4_1,0.016534067810768088,0.03299234762819214,0.06517960471190616,0.12695622238989718,0.19817849414863645,0.22974078454472202,0.19344524536460508,0.12192255131597937,0.013029516411007159,0.0020211656742864866
7_8_2,0.017212180586108218,0.0331843205632619,0.06548781545542706,0.1251823618261752,0.19688891235516498,0.22650935695637062,0.19345525285857643,0.12668199893630946,0.013339186429748854,0.0020586140328574783
7_9_2,0.042838705202722635,0.09883145232122947,0.19660743556402677,0.23396759639965936,0.20426379472645073,0.12045319068399545,0.0643271517142967,0.03035355440795282,0.007034902521106973,0.001322216458559032
9_1_1,0.03853686906187305,0.08694457534091427,0.18195107710426264,0.23734394599718456,0.2110099970184244,0.12772564697926572,0.07332191418418774,0.03432964399554755,0.007451556620981151,0.0013847736973590765
9_3_1,0.028050872909826052,0.06638291177847087,0.12934985042458105,0.18934406257739758,0.21960950413233876,0.18995414213108375,0.11244637996754701,0.05375128700157835,0.009460785239876642,0.0016502038372997758
10_6_2,0.04584093405153121,0.10350932531034858,0.21006450655759507,0.2298401754163301,0.19779052029748317,0.11679109926066239,0.05968659798266937,0.02833635438204324,0.006845905843081631,0.0012945808982551365
12_7_1,0.04382532396613732,0.09963567813947755,0.19728588924608023,0.23185266064058302,0.20304238869427296,0.12148714484524352,0.06418027844977478,0.03030274368830317,0.007058910265268966,0.0013289820648583828
13_3_2,0.029504719050014037,0.059967318597642816,0.14436517131999047,0.23376667254025485,0.21961305465427874,0.1397927845735943,0.10434474245415105,0.057588469328280545,0.009461672465877476,0.001595395015915644
15_4_1,0.04189457759293756,0.09465260286878274,0.19882532393885383,0.24162002568409452,0.2044518732593716,0.11695328373143087,0.06384813087295217,0.02954395088759373,0.006905486656646877,0.0013047445073360107
15_8_1,0.028327337503078462,0.062212262316389044,0.13635000634095204,0.20870661199884202,0.2158639072564367,0.16738222679913964,0.11083395466717152,0.05887807401813962,0.009808598759767232,0.0016370203400836484
15_9_2,0.04012859579054059,0.09112717262752731,0.1890763915259115,0.23772414045829557,0.20699048049918986,0.12411364138306229,0.06956432960699344,0.032603270019798326,0.007316900835850203,0.0013550772528307913
15_11_2,0.05057616344822539,0.11416080756836151,0.21256665617569967,0.2321183905799474,0.19157029487224136,0.10967013129318305,0.05514329984518483,0.026308456157787218,0.006623555226058925,0.0012622448333106117
16_7_1,0.026379960165388672,0.05699771426028434,0.12164508821045013,0.19217717244821075,0.2174373207944409,0.18307708446948795,0.12428174361855376,0.06591180422885569,0.010360352468749228,0.0017317593355785118
16_8_1,0.040095659465044654,0.08995947430141955,0.18312762802653837,0.21657525811689143,0.20695271678534066,0.1422033932317277,0.07592597929679866,0.03589161080983182,0.00782246705874271,0.0014458129076643756
16_9_1,0.030706818239228006,0.07299784044976501,0.1408286328188459,0.21033129689861316,0.22313962329748321,0.1663623592300033,0.09935120462642638,0.046072421041114246,0.008651606770315427,0.0015581966282054475
17_3_1,0.027083842139856252,0.06370475827923218,0.13113202901924678,0.2164673958574995,0.22669723913555423,0.16543728098218058,0.10822807573586979,0.05072936685368319,0.00894517997782898,0.0015748320190483646
17_6_1,0.038029700579369635,0.08537324345193843,0.17971664028561052,0.22542251278203715,0.20834738310623402,0.1373904202392036,0.07803483734626372,0.03822385041019969,0.008017526044593375,0.001443885754549768
18_2_1,0.04182691689039902,0.09644565111011173,0.1968198398029825,0.23779322746216058,0.20341391645818402,0.12028637100925461,0.06500675116492945,0.030060526599493775,0.007032687926068642,0.0013141115764157682
18_8_1,0.043200841881165596,0.09964393374619435,0.19956805295048421,0.23687624246387223,0.2023452451860627,0.11760291756595315,0.06289713038003357,0.029606513539804296,0.006954938785659127,0.0013041835007708694
19_3_1,0.04359821172339616,0.10015018859841,0.18984789818605252,0.21624991832442592,0.20466641194113847,0.13490699754005303,0.06890521487517103,0.03282339940587562,0.0074548348699518515,0.0013969245355254668
20_3_1,0.04005828722946843,0.09387759904636613,0.18845391147050203,0.24403784858997019,0.20980747000298788,0.11911290496689876,0.06622234232717379,0.03020406444870213,0.006915842362654356,0.0013097295552762954
21_1_2,0.037400380778843646,0.0854518856924272,0.17770899385284697,0.2298904885207049,0.21242988461183804,0.13593636401362064,0.07672238071309341,0.03540909897374827,0.007639043879269045,0.0014114789636078932
21_2_1,0.05654357672103679,0.1227735554308696,0.2534385827158409,0.2321149994733681,0.17553071043033946,0.09089574661196306,0.04202370333812557,0.01990596631618189,0.0056691462680930685,0.0011040126941815214
21_5_1,0.01703158263950216,0.03340022111976223,0.06707368589347111,0.1312109251575693,0.19868540989599523,0.2223444487652255,0.1916847643564422,0.1234155473667305,0.013123207667190665,0.002030207138110947
24_6_1,0.04125826850146781,0.0939178800046788,0.19689701765269263,0.24314995227770037,0.20308996623578718,0.11756819979921933,0.0654083513753048,0.030352928891562166,0.007046316315054061,0.0013111189465327795
24_7_1,0.05933270120190789,0.13081246215520825,0.25848364235991067,0.2245243764985241,0.17209280436217084,0.08965164250172342,0.03947844786138048,0.01900846194239464,0.005532694609926993,0.00108276650685272
25_7_5,0.03280925749784826,0.08008717409039905,0.15798815111793985,0.24063621536250487,0.22423762879990441,0.13730074326907205,0.08213157881807197,0.03594387696333772,0.007461690404005307,0.0014036836769166744
26_1_2,0.042911718524700736,0.0989951737991184,0.1971221883906205,0.2343940364479416,0.20412647030917477,0.11993842303077516,0.06402738328534896,0.030157497259816517,0.007008342294409866,0.0013187666580935082
26_2_1,0.04118942834098596,0.09407503415930704,0.1959074257385578,0.24117947208800897,0.2035481280631263,0.11922595048776694,0.06589974254467498,0.03057281307353905,0.007084767347898456,0.0013172381561344876
26_3_2,0.04268884142768936,0.09882015229322105,0.19528495458495976,0.2320550864749192,0.20428583510177395,0.1228126765458951,0.06514996545910234,0.03048830715478139,0.007085148931846044,0.0013290320258118851
26_7_1,0.03965766600044625,0.09062675692525371,0.18818862152785276,0.23673287966370488,0.20701049109762165,0.12611081522300788,0.07035053668840467,0.03262239618578612,0.00734245282713242,0.0013573838607896793
28_8_1,0.03513104564088853,0.07967222048068683,0.1694431489021563,0.2381877375645368,0.21610720169262543,0.1336109610871029,0.08096651002064643,0.03767515307723863,0.007781337991999784,0.0014246835421181942
29_1_1,0.04145116525284255,0.09463035572174551,0.19604098345898738,0.2404969184420425,0.20361504200886954,0.1192181048936857,0.06568746284399327,0.03047042039648416,0.007072134177805937,0.0013174128035435982
29_2_1,0.047303299501382054,0.1061302595974617,0.2170792541730108,0.23198092782991725,0.19390768093769062,0.11181596855774341,0.05673991030747294,0.02708275624766604,0.006694096288670983,0.0012658465589841714
30_1_1,0.04179280151928487,0.09525906692278842,0.19598902728537693,0.23882509231432922,0.2035759471262418,0.1197925880794121,0.06570716971770747,0.030639274775741236,0.0070968880734740844,0.0013221441856438117
30_4_1,0.036637499374561185,0.08325462373574512,0.17130567141653485,0.23855645604356782,0.2158919841096351,0.1296218137168838,0.07831192550858679,0.03730738007115918,0.007694826762376129,0.0014178192609497846
31_2_1,0.047303299501382054,0.1061302595974617,0.2170792541730108,0.23198092782991725,0.19390768093769062,0.11181596855774341,0.05673991030747294,0.02708275624766604,0.006694096288670983,0.0012658465589841714
31_3_1,0.03911440822379439,0.09160615381803157,0.183952362608763,0.24375278876974313,0.21152103169344397,0.12152981772644768,0.06868576858081851,0.03145159627847558,0.007056726114173416,0.001329346186308873
32_3_1,0.02690249298370169,0.061956801623589124,0.12656666558626944,0.19509821757794454,0.21847499407174914,0.18486091869068896,0.11710287312861106,0.057625958892440654,0.009743024834995175,0.0016680526100100192
32_7_1,0.05022437318287043,0.1087366385857747,0.23010138232811672,0.2239337571190064,0.18830420735376466,0.11211869462118154,0.053596997667906494,0.025210262895572585,0.006523092085243998,0.0012505941605623727
32_9_1,0.02663953989250271,0.06140276953392544,0.12396003391919361,0.1895195779651868,0.21841668375533937,0.19026410540619249,0.11913739738655726,0.059101287231951766,0.009874191999057962,0.001684412910092519
33_5_1,0.03513707811614587,0.08018209008383682,0.1587011305349799,0.2102077600390386,0.21591618686865544,0.15738543628519067,0.08933450128196238,0.04309239407839052,0.008507562726892756,0.0015358599849070733
33_8_1,0.040147565000652294,0.09411335913885689,0.17772207916475524,0.2181289680982598,0.21009466352919415,0.14057715038139343,0.07465079564308126,0.03542955271577929,0.00770832939623763,0.0014275369317899081
36_1_1,0.040320046924121423,0.09452595926640524,0.17862357776092078,0.21863322161484589,0.20985676034682055,0.1397978919877997,0.07408648934480659,0.035067062875477825,0.007667167780574684,0.0014218220982272342
36_6_1,0.0367227502604559,0.0877008833608389,0.16602611140212784,0.2059058808027346,0.21516710133492983,0.15875380866615244,0.08256936834379647,0.03770352602677581,0.00797204328243114,0.0014785265197569547
38_7_1,0.03199466696468378,0.07300354483347923,0.1545826393162802,0.22324028869786225,0.21745291899154054,0.15161201671024896,0.09321638708911117,0.04478931000345151,0.008591251333914297,0.0015169760594280783
38_8_1,0.03677954486756358,0.08333226167219396,0.17422645637524276,0.22056685597333298,0.21017792838611796,0.14431209860230493,0.08145038263691123,0.03951239435583892,0.008174986780631133,0.001467090349862445
41_2_1,0.04189457759293756,0.09465260286878274,0.19882532393885383,0.24162002568409452,0.2044518732593716,0.11695328373143087,0.06384813087295217,0.02954395088759373,0.006905486656646877,0.0013047445073360107
41_9_1,0.0304801211795172,0.06993559262689883,0.14735044524888566,0.21514254893089219,0.21961607231563993,0.1613519044756605,0.09876956247897391,0.04698973571722924,0.008811660367420896,0.0015523566588814825
42_9_1,0.035786550898828234,0.08309778275927017,0.16241748239395898,0.2108916043687116,0.21495720113490374,0.1559748049998185,0.08612106470658183,0.040930996283674644,0.00831340081292383,0.0015091116413285602
43_2_1,0.04429906606120204,0.0978600874312162,0.20136839026318326,0.23379005912574533,0.20174087682103192,0.1181493261373969,0.063601751883531,0.03076174698249314,0.007097446787296018,0.0013312485069042555
43_6_1,0.02710111104566869,0.06257726397853954,0.12783369053840057,0.19328257820245004,0.2175445337308021,0.18655095326527743,0.11622854703550238,0.05745147241421063,0.009763946023425276,0.0016659037657233405
44_3_1,0.0182227507831525,0.035730524790158084,0.07611387637538831,0.15078587415165046,0.20585552223898299,0.2033167809978465,0.1812115462447167,0.11404830510617993,0.012727261258873803,0.001987558053050709
45_8_1,0.040382827822271664,0.093089403981967,0.18490893395494237,0.2262799024218326,0.20542502501841967,0.13424824150276388,0.07251209355237662,0.03414378432540448,0.0076142832259427145,0.0013955041940791728
46_3_1,0.031045375124104962,0.07033634412532425,0.14946783172520833,0.2140472095856625,0.21514124958597958,0.16127864376876846,0.09938698571267518,0.048694793301211556,0.009031607011072475,0.001569960059992822
46_7_1,0.03672923180999643,0.08606980327154937,0.16684963366508337,0.21805111894680787,0.21347712188365425,0.14881938146664217,0.0822802871558483,0.03823572896843265,0.008021451935312097,0.0014662408966736272
47_10_1,0.03601189325717352,0.07834480846190402,0.16775299440040498,0.22478622433302164,0.21132557074718555,0.1423621261286809,0.08602232656391438,0.04336512178891386,0.008519096352626642,0.0015098379661745635
48_4_1,0.028161923174167113,0.06397302906489742,0.13384525067982553,0.1963826696545683,0.21507803642935963,0.18211928034392405,0.11271694250694701,0.056306949590923853,0.009760891649007217,0.0016550269063800407
49_1_1,0.04288355183406876,0.09870457208134338,0.19957542910978243,0.23968032401166442,0.20156063774234484,0.11659363752132935,0.06305191276928558,0.029679125047040702,0.006969757629831887,0.0013010522533086649
49_2_1,0.024857049557188263,0.0578301565664527,0.11497317476252882,0.17795757830735942,0.21813107433754836,0.20436159034375254,0.12709064854853105,0.06290983131660663,0.010166310726919071,0.0017225855331129674
49_5_1,0.02616128516830216,0.05477680501152796,0.11390037201413257,0.1870857967313627,0.21857413270403198,0.1829201665111213,0.13033994249629818,0.07364204445919138,0.010806807810857707,0.0017926470931739426
49_10_1,0.03936356121363943,0.0903802592618441,0.1804283460770509,0.22450871472098674,0.20623688946297933,0.13802454011396212,0.0756649119003678,0.03611964649131592,0.007850021611733204,0.0014231091461202284
50_5_1,0.033608675018083456,0.07299822284686408,0.1542892294544458,0.22605526524739755,0.219795303926762,0.14303652050103052,0.0927296257594019,0.04727871813971244,0.008666094913379448,0.001542344192922937
51_5_1,0.02809818634081268,0.0646603999719287,0.13202101137027208,0.20107823485074916,0.22217516108989577,0.17660439419924892,0.11044606445449041,0.05390548321032213,0.009384326777023248,0.0016267377352569173
52_5_1,0.03826196806660651,0.08792514385672805,0.1848789894997405,0.23440871925884393,0.20912788788935963,0.13048222598753254,0.07268639351991583,0.033417224017624876,0.007438759190830035,0.0013726887128180736
53_2_1,0.043768654721525926,0.10120385465936588,0.19161119872969834,0.21666158839560565,0.20325608598778205,0.13432068693344035,0.06797068049870973,0.032387785222783565,0.007433352038073289,0.0013861128130152585
53_4_1,0.02663953989250271,0.06140276953392544,0.12396003391919361,0.1895195779651868,0.21841668375533937,0.19026410540619249,0.11913739738655726,0.059101287231951766,0.009874191999057962,0.001684412910092519
57_9_1,0.03873151268619481,0.0891053128047205,0.17519035482010573,0.22122709860475892,0.2099366632485055,0.14147272509198205,0.07786756950533412,0.03711667757243022,0.007906682591247972,0.0014454030747201908
59_3_1,0.025574284874313725,0.059638094556848875,0.11871165577561836,0.18163032308041616,0.21810110509626338,0.20038740360302087,0.12354446825568839,0.060691304198669256,0.010018597596129443,0.0017027629630316584
59_4_1,0.0372056823167463,0.08447772516707183,0.1764575274691086,0.22238556791242098,0.20997085971786,0.14192317430804935,0.07973202254148028,0.038347450304826225,0.008047790167026286,0.0014522000954102121
59_7_1,0.026895201786042065,0.058441335893597825,0.11955425787856991,0.19468688655607141,0.220080928947271,0.17752242144653618,0.1238474572911043,0.06697120962172039,0.010254441880043574,0.0017458586990435206
60_3_1,0.02761832161121846,0.06411982071216056,0.12974670778430342,0.19568801835015776,0.21926964926092157,0.18366195949208022,0.11362164736891048,0.05508181172065141,0.00954209435938337,0.0016499693402127718
60_6_1,0.030555694099816042,0.06933545761842616,0.1468638023270787,0.2108938056366843,0.21440426068154705,0.16503433274634155,0.10178131790618271,0.05035335871452596,0.009190837497452838,0.0015871327719446419
62_1_1,0.029780620139513613,0.067245821529083,0.14289164850842948,0.20741349987718044,0.21471358650345745,0.16924599568331336,0.10520955858262979,0.0524830750137912,0.0094071128870399,0.0016090812755617933
62_5_2,0.048093463886114525,0.10738399284223592,0.20502686016230925,0.220278095200585,0.19575296038561074,0.12240503966098874,0.06196360756673483,0.03054748266743608,0.007200786715258124,0.0013477109127269693
63_4_2,0.03190178701299607,0.07362852229824779,0.15298461611712144,0.22100678523862932,0.2188949742629475,0.1539062979248132,0.09338370173281389,0.044252166734989606,0.008522788072242906,0.0015183606051982334
63_7_1,0.038903910869224276,0.08939874709295625,0.18544493580321728,0.2338512484124682,0.2074152965997234,0.13054500606438368,0.07231548167949786,0.03329631173450084,0.007455667090686148,0.0013733946533421764
64_1_1,0.029012545630786004,0.06200228059265061,0.13236363820432342,0.20763781490754796,0.2175361497210783,0.1651621404883804,0.11360317013649023,0.06103916057076744,0.009960633479735375,0.0016824662682399503
64_8_1,0.031332223193249374,0.07346438564907169,0.1448309925700952,0.20789523523156084,0.21855190063000068,0.16828351463165928,0.09866478968487803,0.046569290993114056,0.00884313555964658,0.001564531856724371
65_1_1,0.03524988223516205,0.07913318443071564,0.1706608007159456,0.24158297541574225,0.21550341359465047,0.1306706467004827,0.08031319646728735,0.03769337003108567,0.007774406970765985,0.0014181234381621288
65_2_5,0.033651507257724325,0.07543745918116856,0.1488323141382797,0.19489041850568783,0.21269914839875295,0.1742995847066217,0.09906060785881231,0.050160810548405654,0.009358576709063761,0.0016095726954831846
66_4_1,0.03527840179876081,0.07932612414684914,0.168905771504934,0.22718559600504543,0.2147066094811761,0.14192689291002117,0.08355125840561643,0.039572866698302386,0.00808438519351423,0.0014620938557803134
66_6_1,0.030490326316291203,0.07012611005221872,0.1421661234132538,0.2068988136193832,0.21940880644994581,0.16742115849108624,0.10214340570392948,0.05059982158111494,0.00915441800261564,0.001591016370161035
66_7_1,0.02637391059552448,0.06601903285659283,0.1266445272403556,0.19662935162360268,0.2277427789076621,0.18876792402584242,0.1096645920198486,0.04777961718215316,0.008808693631830802,0.0015695719165872734
68_1_1,0.03616222215001321,0.08480127024386531,0.16630626579284494,0.22206201852974175,0.2163672059852635,0.14553075693869932,0.08137986826734753,0.03803247519419018,0.007900997542136691,0.0014569193558975286
68_3_1,0.035786550898828234,0.08309778275927017,0.16241748239395898,0.2108916043687116,0.21495720113490374,0.1559748049998185,0.08612106470658183,0.040930996283674644,0.00831340081292383,0.0015091116413285602
68_5_1,0.03599801245216208,0.08357249620406176,0.1692574706041581,0.2228505351586036,0.21515347479031008,0.1442236776606929,0.0813884772551284,0.038154534175299036,0.00795151376332233,0.0014498079362620362
70_8_1,0.018588192858124526,0.0359226858106976,0.07724743787501105,0.15276346343324884,0.206068344846284,0.1996125327105058,0.1800174873165077,0.11499947406219722,0.012786031569232642,0.0019943495181904214
71_3_1,0.03404816533854566,0.07964885393914882,0.15684665309855308,0.21193435890289866,0.2154585351326173,0.15943413985807686,0.0902166872401893,0.04243498050234245,0.00845782573575829,0.0015198002518694276
71_4_1,0.046219025544080736,0.10417287353705972,0.21370185173423661,0.2357535612609386,0.19450635754766082,0.11209716439312853,0.05801058448279274,0.027511187246215568,0.006758419259662131,0.0012689749942245755
72_2_1,0.035382157112381026,0.08070246324698442,0.15837011072125343,0.21804181317177518,0.2151904879456185,0.150142750880092,0.08852718943923131,0.04361724113749172,0.008502590594071465,0.001523195751100984
72_7_1,0.03609302688347889,0.07877007086263892,0.1630024705115849,0.21866584662975083,0.21188357776076677,0.14832173214417957,0.08840313213746685,0.04462370906300224,0.008702593212323435,0.0015338407948076393
73_5_1,0.03404395346597101,0.07686347429018069,0.19530220915069038,0.2796169252983385,0.20479484742590634,0.10526327719165264,0.06714901064736455,0.029019278017823932,0.0067142177744965595,0.0012328067375753436
75_4_1,0.03677954486756358,0.08333226167219396,0.17422645637524276,0.22056685597333298,0.21017792838611796,0.14431209860230493,0.08145038263691123,0.03951239435583892,0.008174986780631133,0.001467090349862445
76_1_1,0.0435354441026636,0.1004008954373261,0.19871963414416882,0.23751692550147332,0.20238043340766376,0.11657901365573076,0.06282948564682947,0.029774923349402963,0.006957066745833336,0.001306178008907999
76_4_1,0.04310248603029444,0.09942534341897437,0.1988565977765917,0.2364297671404973,0.20256601606402713,0.11820234129164861,0.06327659368444306,0.02984572500942603,0.006986443492497146,0.0013086860916001603
76_7_1,0.04198886726149685,0.09551268982786067,0.19606116722800823,0.23799485672964893,0.20344997739272128,0.120088391654907,0.0657834523507474,0.03069417829856458,0.007100863420769779,0.0013255558352750665
77_1_1,0.05209325329315639,0.11552483379704281,0.2422164298894035,0.22622881532783767,0.18270803457865176,0.10408627629716556,0.047673965490328894,0.022210136621427224,0.006089573806210612,0.0011686808987756583
78_1_1,0.0463765018226436,0.10323495467162483,0.2267335747671063,0.24650655506219013,0.19153225660848333,0.102125189661415,0.052474969039660126,0.023658392981256132,0.0061733469997486195,0.001184258385871974
78_8_1,0.019762632214829982,0.03926631352048434,0.08328056981844656,0.15395851129631127,0.20732849908093381,0.20529154019421111,0.17162366053570213,0.10507523315137941,0.01243144633675592,0.0019815938509453175
80_4_1,0.03524988223516205,0.07913318443071564,0.1706608007159456,0.24158297541574225,0.21550341359465047,0.1306706467004827,0.08031319646728735,0.03769337003108567,0.007774406970765985,0.0014181234381621288
80_7_1,0.03965766600044625,0.09062675692525371,0.18818862152785276,0.23673287966370488,0.20701049109762165,0.12611081522300788,0.07035053668840467,0.03262239618578612,0.00734245282713242,0.0013573838607896793
81_6_1,0.047303299501382054,0.1061302595974617,0.2170792541730108,0.23198092782991725,0.19390768093769062,0.11181596855774341,0.05673991030747294,0.02708275624766604,0.006694096288670983,0.0012658465589841714
81_7_1,0.03726802024072259,0.08359245686742502,0.18253954430515518,0.23990426570384868,0.20995880011438312,0.12817895748649846,0.07485586230162464,0.03476949909379786,0.007548780560975955,0.001383813325568592
83_4_1,0.04600595770070291,0.10363771193867363,0.21339227990556422,0.23512758689604754,0.1949466572907687,0.11279908194466941,0.058332262832807215,0.027702945434227844,0.006782312425394143,0.0012732036311442953
83_8_1,0.03683133482532373,0.08277641339743567,0.17284504341093562,0.2421639524031855,0.2150997138856086,0.12642711035543214,0.07749610797218144,0.03726919014181091,0.00768102859119787,0.001410105016888504
84_3_1,0.03026309891959501,0.06935007868017214,0.1453183104148541,0.2143888200548061,0.22021565397233006,0.16206100040951196,0.10002686369852738,0.04793741357037348,0.00887716339953447,0.0015615968802952505
84_4_1,0.035290446587963945,0.07962156553692792,0.17000275662699266,0.23796252893274164,0.21575357456201535,0.1334339650341534,0.08086096168195807,0.03783826627410497,0.0078096493416077,0.0014262854215343229
84_8_1,0.04730330159005135,0.10613026037368886,0.21707925562139122,0.2319809207702348,0.19390767667469314,0.11181597401447353,0.05673991128697867,0.027082756601820673,0.006694096504107282,0.0012658465625603832
85_2_1,0.03891133825614125,0.08867775758235416,0.17611061519187624,0.2200176517625207,0.20726256615706312,0.14281610235055672,0.07866805661201995,0.038002738052992764,0.008077427049755748,0.0014557469847193238
85_4_1,0.04472620636007046,0.10096300053735072,0.20097622232275036,0.2250669697383706,0.19745717852309902,0.12580823313413544,0.06502577746781517,0.03128922321788235,0.007335755131588049,0.0013514335669379122
87_1_1,0.04145116525147097,0.09463035572168063,0.19604098345677226,0.24049691844659551,0.2036150420128516,0.11921810488967066,0.06568746284345246,0.030470420396290988,0.007072134177670831,0.0013174128035441965
88_3_1,0.05313041120579483,0.1147860967706435,0.2543264061609897,0.23542459485760506,0.17774830113732015,0.09388591614807079,0.04381932526317072,0.020052734284084925,0.00571488104031155,0.0011113331320088129
88_4_1,0.030246142092068332,0.0698795597988722,0.14648412387046017,0.21380704207753226,0.21983959708164003,0.16312008880933318,0.09916188602297461,0.047080260409264725,0.008828612130257598,0.0015526877075969538
89_6_1,0.047303299501382054,0.1061302595974617,0.2170792541730108,0.23198092782991725,0.19390768093769062,0.11181596855774341,0.05673991030747294,0.02708275624766604,0.006694096288670983,0.0012658465589841714
90_2_1,0.04116494309543309,0.09335190179669524,0.19152680779226178,0.23706863684208593,0.205522467357179,0.12268803349886176,0.0681258434729055,0.031957346312477375,0.007246861554927015,0.0013471582771733906
90_5_1,0.04815001013681123,0.11019129345147183,0.19496250814754384,0.21682289400113994,0.19831657888822543,0.12817630136132405,0.06383115312072798,0.030897557524237337,0.007281912491725756,0.0013697908767924508
90_6_1,0.04626459485384394,0.10465072993027759,0.21285100825466466,0.23188770260846658,0.195810287556978,0.11434103027857075,0.058383490868806356,0.027749110407321767,0.006783595664112587,0.0012784495769579335
91_3_1,0.04179280151928487,0.09525906692278842,0.19598902728537693,0.23882509231432922,0.2035759471262418,0.1197925880794121,0.06570716971770747,0.030639274775741236,0.0070968880734740844,0.0013221441856438117
91_4_1,0.04035394292273193,0.09186295199573319,0.19110371523736847,0.2397339954395392,0.20572112548489785,0.12222160283343307,0.06846261237726788,0.031952338311984366,0.007246401552340007,0.001341313844704199
92_1_1,0.04310248603029444,0.09942534341897437,0.1988565977765917,0.2364297671404973,0.20256601606402713,0.11820234129164861,0.06327659368444306,0.02984572500942603,0.006986443492497146,0.0013086860916001603
92_5_1,0.03814469157733032,0.08634347811287874,0.1831002416628047,0.2357100190720562,0.21008025435007127,0.1294742997947926,0.07386951458209551,0.034379127666276495,0.007513064397160589,0.0013853087845336872
93_6_1,0.047071980063961204,0.10679655178371708,0.19486119397266008,0.22353155126246185,0.19886153426600026,0.12510909516873475,0.06427003835238092,0.03087843536726185,0.007257750168959765,0.0013618695938623208
95_2_1,0.04190598550214938,0.09758507163863714,0.195487605229875,0.23508918010719757,0.20423201532221946,0.1219671834701309,0.06511882677809401,0.030238634590282337,0.007056668205597567,0.0013188291558166383
96_1_1,0.045794453899493284,0.10480432105763988,0.18604985709621055,0.22068095701492105,0.20143190096122104,0.13060779764350985,0.06804150897132595,0.0335845131264135,0.007602841711525521,0.0014018485177394627
96_10_1,0.038154573795030323,0.08374934448640038,0.18368185040129328,0.23912367869919676,0.20972616494784477,0.12657791085914,0.0745584300506931,0.03542300493972817,0.007610807747729125,0.0013942340729440033
97_1_1,0.01858819285701061,0.03592268581098297,0.07724743787358773,0.1527634634398461,0.20606834485619965,0.19961253269854237,0.18001748731507922,0.11499947406168323,0.012786031568859128,0.0019943495182089734
97_2_1,0.017142995958864413,0.03465756508762024,0.0723459592808999,0.14520880253430837,0.20531799539667567,0.2117034314712034,0.1848725076166035,0.11414225864950264,0.012638967452986935,0.0019695165513350043
97_3_1,0.046738552584677545,0.10689137684882553,0.19294802626459534,0.2221625440368178,0.19961283708104433,0.12686259060838637,0.0648949591923087,0.03121613058325326,0.00730497276656674,0.0013680100335243279
97_7_1,0.04190598550214938,0.09758507163863714,0.195487605229875,0.23508918010719757,0.20423201532221946,0.1219671834701309,0.06511882677809401,0.030238634590282337,0.007056668205597567,0.0013188291558166383
97_8_1,0.04626459485384394,0.10465072993027759,0.21285100825466466,0.23188770260846658,0.195810287556978,0.11434103027857075,0.058383490868806356,0.027749110407321767,0.006783595664112587,0.0012784495769579335
99_1_1,0.04045186526155317,0.09281104720070706,0.19309038534572484,0.24070658018439808,0.20490873138365867,0.12123075931750205,0.06729571323083386,0.031038074980400766,0.007140233030682091,0.0013266100645394506
100_2_1,0.04764526486432084,0.1083367069002282,0.19320866982271606,0.22125129525238243,0.19883682331400937,0.12598869011768518,0.06452920770572117,0.031492641177694625,0.0073384500350410975,0.0013722508102010863
100_7_1,0.038518438543445284,0.08857915731458256,0.18517081669450292,0.23537194613679507,0.20924843269990445,0.12905320846897375,0.07206546884686985,0.03322688997904241,0.007397163877573442,0.0013684774383105884
101_5_1,0.041266100089396976,0.09575960617266135,0.19454265932288195,0.23665237668317626,0.20460086149760734,0.12239159481867787,0.06600896615368211,0.03038025623568301,0.0070763905686186054,0.0013211884576143566
102_7_1,0.04467830762294616,0.10088959991431734,0.20066195822979854,0.22201083095249152,0.19857208627625528,0.12778977063774621,0.06532606008669582,0.0313781892814891,0.0073344522670370236,0.001358744731223155
102_8_1,0.03283294916750269,0.0735367712156259,0.15402895559039284,0.22492540002174155,0.21788100921826306,0.14660793207453826,0.09355560829613004,0.046476627261413966,0.008614711394942833,0.0015400357594488635
103_7_1,0.022363892099165623,0.052810968988797724,0.10312257524768864,0.16963798089247567,0.21941801705111302,0.21599941796328104,0.13765745814457223,0.06690574061666876,0.010338952933268666,0.0017449960629688063
103_8_1,0.04394889633584479,0.10081091666226184,0.19914532010573613,0.23366332313306334,0.20250599021360463,0.11867393010030186,0.06305362628257001,0.029893286980177614,0.006989367177833547,0.001315343008606236
104_2_1,0.03826196806660651,0.08792514385672805,0.1848789894997405,0.23440871925884393,0.20912788788935963,0.13048222598753254,0.07268639351991583,0.033417224017624876,0.007438759190830035,0.0013726887128180736
104_4_1,0.03726802024072259,0.08359245686742502,0.18253954430515518,0.23990426570384868,0.20995880011438312,0.12817895748649846,0.07485586230162464,0.03476949909379786,0.007548780560975955,0.001383813325568592
104_7_1,0.053040415098504254,0.12079396982305636,0.2079440289429938,0.22210761272499835,0.19181351699148957,0.1134562277460499,0.05530037932060582,0.027450029423012556,0.006804701794619892,0.00128911813466968
105_1_1,0.05825207610941823,0.12909085600229417,0.2555572086356858,0.22407166469982948,0.1739018386966687,0.0923539159903277,0.04067584551322918,0.01938828107542638,0.0056121292088468,0.001096184068273579
106_10_1,0.031886559104524086,0.07199669648860395,0.14639282927318184,0.1978048378815031,0.21456326851694868,0.1734161016616785,0.10185600307430118,0.0511407581286687,0.009314032792777836,0.0016289130778119074
107_5_2,0.03841241597722964,0.09130532594596433,0.1713603201671627,0.21443859314178074,0.21351833352826,0.1474265846392736,0.07799755295846912,0.03629899646205029,0.0077958986471585185,0.0014459785326511204
107_7_1,0.03907539416374327,0.09161725465084321,0.17501543378526052,0.2174057301658647,0.21067096928162535,0.14415133762139865,0.07693374741174552,0.035902617376618755,0.007789683591195861,0.0014378319517040887
107_8_2,0.027287131584296825,0.06444143944995755,0.12681032418260108,0.19046601046507405,0.2201476080785613,0.18993842881045825,0.11486893103211718,0.05486915630401783,0.00951612488297295,0.0016548452099431814
108_7_1,0.03195341715190468,0.0771240645214617,0.13977401443313797,0.2294408715740486,0.22927955407023473,0.14502222258874148,0.09300320450254378,0.04470975130432921,0.008182118249721594,0.001510781603876333
108_10_2,0.02648411536896342,0.06096424740549053,0.1214492851786705,0.18630546190488714,0.21855715180047205,0.19327888867827933,0.1209671041262871,0.06033012539359574,0.009964946193734659,0.0016986739496195836
109_8_1,0.034260718651372875,0.07809176748057452,0.1480281542070468,0.20956749892630658,0.2209880977471274,0.15795394757842202,0.09412691659609031,0.046703142513011595,0.008705017772281075,0.0015747385277667802
110_1_1,0.035034280223287986,0.08337485977951753,0.16175239413665177,0.21879051570008382,0.21823528066193462,0.15141279373167102,0.08388241985187597,0.03812702721813156,0.00792483802964004,0.0014655906672055214
110_5_2,0.017122674611400147,0.03303674153562709,0.06524431369614123,0.1254514721942046,0.19720432516192216,0.22607016331752094,0.1938907640155226,0.12661257763718184,0.013309637641048184,0.0020573301894312827
110_8_1,0.022884730579661176,0.05291242035042632,0.10356602655222451,0.18026899433772708,0.22296350950388952,0.19984209749522616,0.13649181775945424,0.06900660865248401,0.010313469786018962,0.0017503249828880849
112_11_1,0.04041471077277711,0.09183501602036022,0.19074803635994989,0.23820303630442705,0.20563445391445642,0.12335100779485751,0.06890678215106366,0.03226287316492596,0.007295929423116308,0.0013481540940659953
112_12_1,0.02655273453623026,0.06211402032597643,0.12308143915716309,0.2004666573328893,0.22475304902849874,0.1795173092869824,0.11601945855635318,0.05639713998186,0.009447484234094822,0.0016507075599519103
113_5_1,0.02491917753278316,0.057180486102635125,0.11300964542728903,0.1766488967800619,0.21796678481630138,0.20380835348014448,0.12918463470508582,0.06523657214844301,0.010301053321402088,0.0017443956858538272
113_7_1,0.015439273041386335,0.0314769069551023,0.06183869191194079,0.12231461508131271,0.19517118909032286,0.23612455321260803,0.19767146253551676,0.12490758314688234,0.013056064094283943,0.0019996609306440474
115_7_1,0.01755329620570829,0.0347171453078503,0.06867743652084754,0.12982714523167813,0.19935106195908786,0.22665405893102694,0.18857075358946926,0.11959112143556196,0.013025875862207275,0.002032104956562471
115_11_1,0.030884731799389036,0.07172866153087991,0.1426292686024312,0.19633795348618127,0.21674530437758063,0.17835483736459534,0.10306434629230773,0.04947345598086623,0.009165179567428097,0.0016162609983405216
115_12_1,0.025535701642684608,0.05508898581995247,0.1129075928113521,0.18881864595512787,0.22047676195346685,0.1839916853386657,0.1300812911021322,0.07079104966364223,0.010538806891122049,0.001769478821853963
116_3_1,0.026919164148288245,0.06394558543665088,0.1267790428992212,0.190574480424855,0.2198655129616531,0.19106570542324933,0.11512258215795333,0.054564716571893525,0.009514202496716945,0.0016490074795183739
116_8_1,0.017770103009847833,0.034547236139451154,0.06938079013911462,0.1327346750500242,0.20015606584699916,0.2202065174889577,0.18837266750720788,0.12170212564769978,0.013090405659385709,0.0020394135113120447
117_1_1,0.026595416197455417,0.06114035419741591,0.12347646681371104,0.18825216647894868,0.21791508361926953,0.19149053916162748,0.1198116175552928,0.05968666176662566,0.009940888533130606,0.0016908056765229888
118_12_2,0.02217996935883558,0.05002137601975365,0.10384727194423099,0.17373803014925038,0.2140021816313096,0.20827162824660492,0.1410667565185497,0.07418664055351343,0.010909985399484828,0.0017761601784670145
119_3_2,0.03440635581560121,0.07954683499952696,0.15567134445100597,0.2057205651061226,0.21691459177547945,0.16342312318312976,0.09105879137335673,0.043181039566585165,0.008534064094229004,0.001543289634962923
119_10_1,0.025123573358431073,0.05514405273162952,0.11377498174450121,0.18215404263537244,0.21652471857617037,0.19372874383664737,0.13114825295753665,0.06999992250122038,0.01062784172464926,0.001773869933841659
119_12_2,0.03866956169595149,0.08962126382305144,0.17277173275622368,0.21820063380584134,0.2124781575745865,0.14373724438898575,0.07827233112554487,0.03694438401554399,0.007853927642806612,0.0014507631714643517
120_2_1,0.03513707811614587,0.08018209008383682,0.1587011305349799,0.2102077600390386,0.21591618686865544,0.15738543628519067,0.08933450128196238,0.04309239407839052,0.008507562726892756,0.0015358599849070733
120_3_1,0.03442003218351864,0.07807013732197907,0.15700949083533014,0.21184763137385149,0.21648709124223964,0.15742657414180733,0.09094628095774064,0.043696867567082874,0.008555279633890535,0.001540614742559438
120_7_1,0.052952925760977244,0.11465085738085622,0.23418328214803152,0.22333463121045796,0.18481401273086848,0.1074828874395347,0.050680836529969124,0.024283671769117665,0.006391748752299441,0.0012251462778873972
120_10_1,0.03299765404910737,0.07912258022710303,0.1552505051094126,0.21347322481462255,0.21985033377285282,0.16008153106852785,0.08896571206971732,0.040560845314575794,0.00820222332674401,0.0014953902473366588
121_11_1,0.040240162361508174,0.09148823192430398,0.184442449716638,0.2273563765709946,0.20446667939240257,0.13370173518095543,0.07361474206615927,0.035509696979119265,0.007771098931001216,0.0014088268769173724
122_5_2,0.015927225202791676,0.03135526593082587,0.06180798194046929,0.1211795651388949,0.19436626564642637,0.23157620290265438,0.19815294311263534,0.13026225346709608,0.0133393813999908,0.0020329152582153525
122_15_1,0.03538180561056413,0.07122950293544494,0.1468261507343262,0.2112830776893835,0.21792244962608046,0.14912253492017677,0.09953432880571936,0.057370407235221986,0.00966445481910176,0.0016652876239808979
123_7_1,0.04577889196483534,0.10388946146884288,0.20791103569771463,0.23473769751277604,0.198746799570818,0.11367974729005609,0.05932595755436628,0.02790924129166362,0.006737844233257696,0.0012833234156693443
124_1_1,0.017686882267142646,0.03799309120180855,0.07594318640710494,0.13741905727617498,0.2063430626787776,0.23462479588906793,0.17778093316986857,0.09826235794539626,0.012002985083155641,0.0019436480815029494
124_7_1,0.03504689522978019,0.0832367720479818,0.1615476279278516,0.21878561495498622,0.21828891800521932,0.15140006599706277,0.08404709547483674,0.038242304995361596,0.0079370866992426,0.0014676186676771982
124_10_1,0.016534067810768088,0.03299234762819214,0.06517960471190616,0.12695622238989718,0.19817849414863645,0.22974078454472202,0.19344524536460508,0.12192255131597937,0.013029516411007159,0.0020211656742864866
125_1_1,0.03786874982338408,0.0864917751888901,0.18227185109214974,0.23337316872637767,0.21027674285292663,0.13219475683184959,0.0744044697580359,0.03421358340155926,0.007516977434711251,0.0013879248901158775
125_4_1,0.038593552670427245,0.08785891030731269,0.182220515638566,0.22975339709970752,0.210317559152602,0.1336008624204468,0.07433740898292776,0.03437856876751285,0.0075412121261895755,0.001398012834307631
127_7_2,0.04461047321069158,0.10163336750987918,0.19383669787624122,0.21467612143957984,0.20295549459232312,0.13365974463030206,0.06740014425866207,0.032419263457875706,0.007416746053398447,0.0013919469710467307
127_12_1,0.040147565000652294,0.09411335913885689,0.17772207916475524,0.2181289680982598,0.21009466352919415,0.14057715038139343,0.07465079564308126,0.03542955271577929,0.00770832939623763,0.0014275369317899081
128_1_1,0.03873212253914644,0.09055184705509806,0.17624342891212427,0.21119001678966587,0.2113892523756944,0.1494233046115332,0.07755890193091795,0.03570028340139387,0.007763270825192017,0.0014475715592338254
128_7_1,0.043077075900973615,0.09897286674754663,0.1907469027632701,0.21554053899679554,0.20408224730065372,0.136353886412047,0.06930784558595417,0.0330159133964305,0.007504070950296334,0.001398651946032416
129_7_1,0.04316024098519996,0.09924208454727576,0.19212997017185235,0.21741466559813666,0.2037088584236429,0.13448314828927901,0.06846461954513922,0.032562363564233164,0.007445726670507994,0.0013883222047331575
