psu_hh_idcode,subjective_poverty_1,subjective_poverty_2,subjective_poverty_3,subjective_poverty_4,subjective_poverty_5,subjective_poverty_6,subjective_poverty_7,subjective_poverty_8,subjective_poverty_9,subjective_poverty_10
1_7_1,0.040560327685702564,0.08513989886005666,0.19301861277211982,0.25178193742342947,0.1953802225605415,0.13604766805097837,0.06228796231989314,0.031292703705554745,0.004239893677596836,0.0002507729441267722
1_8_1,0.04114727679491522,0.08614082779114833,0.20324473278945046,0.24133857327971453,0.1936655282232833,0.13140940496795347,0.06714635686293159,0.03251225738583115,0.003095537737801651,0.00029950416697018
1_10_1,0.013756258451571305,0.038473559283244974,0.08622709101220703,0.165158507299584,0.21504254907447293,0.20295575414588457,0.13523413911155865,0.12406508112538818,0.016325716409301534,0.002761344086787475
2_3_1,0.03354334477893091,0.05834083663752637,0.14652437215573666,0.22712990486003548,0.20466317188954908,0.16139860001291,0.11840792533850078,0.03935622891863203,0.01015978322560327,0.00047583218257560566
3_1_1,0.05372827537863579,0.0787394353334411,0.18852915183496136,0.22489267735094393,0.2023072827912073,0.1403082647335539,0.0808916932435033,0.025480526515502738,0.004926411258266792,0.0001962815599840988
5_4_1,0.0178108833772588,0.032524429320925134,0.08484034570301846,0.16355061934137521,0.21645761019711793,0.2077050579278497,0.1361632357598229,0.11934357557883903,0.01738077687985681,0.0042234659139364665
7_8_2,0.017769706629249885,0.030093214651176432,0.08394442878490373,0.13163087099955084,0.22299363403469796,0.18940798693106983,0.15620988585177495,0.13240373392723956,0.03436603561739828,0.0011805025729386411
7_9_2,0.03601427283403026,0.09375295305816912,0.18276916888346692,0.21785722219199846,0.2093311429304716,0.12393877548775102,0.08790696632435252,0.03998379575075681,0.008325771271608046,0.00011993126739544933
9_1_1,0.03551776401326583,0.08321913887109744,0.19909506705171362,0.21457571464877984,0.24849260186380234,0.11814468462661672,0.06316940421247862,0.02496230769987434,0.005686018627822821,0.0071372983845482615
9_3_1,0.027743134802782617,0.0648685917917311,0.14042484977293326,0.20170417824093384,0.23294179945387677,0.16195714852936025,0.12030002066542904,0.04217254194595468,0.007243169649126683,0.0006445651478720271
10_6_2,0.037234643756021764,0.09859286777633612,0.1845681015837645,0.21233300509613237,0.20726496926829635,0.124012730344937,0.09020506270131275,0.03704631938932807,0.00870047959407772,4.182048979348912e-05
12_7_1,0.044936842329730414,0.10985078141781654,0.19893474731820535,0.19091618410527936,0.26108715586342873,0.10607952821465809,0.0654410151451301,0.014656351540088347,0.006701714828640688,0.0013956792370226811
13_3_2,0.022004050161532677,0.066899972887807,0.1339291169358773,0.20948479833130731,0.23940041462363987,0.15417784309343063,0.10508421449209066,0.057127424956273494,0.01165740896245351,0.00023475555558767454
15_4_1,0.03799340465804534,0.09379110343952268,0.2310532241052866,0.22839502748129317,0.22154807367630183,0.10831966046250781,0.05389583766987248,0.022397068286451324,0.0017757288381892579,0.0008308713825297036
15_8_1,0.030735113046963018,0.06952188807682319,0.1647468485586055,0.2066501160798226,0.22832617956870083,0.15673863255847006,0.09490816125791846,0.04310513862599064,0.004690509763577958,0.0005774124631280922
15_9_2,0.034079833264475196,0.08550479754704547,0.18428080961655935,0.21465767284333676,0.21357088220404122,0.1351389818655444,0.08242351747673832,0.041650680384503626,0.008619861119826362,7.296367792927036e-05
15_11_2,0.09987433654958121,0.13317260400953618,0.1776455680113494,0.2307097979191783,0.18592880589835806,0.09407481632167189,0.06195446994613074,0.00994695554812366,0.006419562523878855,0.0002730832721923409
16_7_1,0.026471951754191102,0.05123460271347999,0.1393612120388304,0.2122937169861094,0.21946068215433612,0.1752508556831319,0.10794988471567643,0.053440306862960994,0.013690364623356389,0.0008464224679276283
16_8_1,0.04534457393932836,0.08121202537800883,0.17286560798639106,0.21357586500249942,0.21622922491649926,0.15606655250902599,0.07876746021864536,0.030939523190944562,0.00441829968956637,0.0005808671690907566
16_9_1,0.04400541471144937,0.08060849353875217,0.16212885051541992,0.21226294005228094,0.22864173467497048,0.15977484560789068,0.07447630151908767,0.032242475897374785,0.005040884137889116,0.0008180593448847268
17_3_1,0.03284946878589049,0.07326412786759452,0.15337259933141176,0.23108712226548708,0.22379131524121743,0.1616244646276791,0.07923334422360095,0.037836801454320876,0.005879506099281714,0.0010612501035162539
17_6_1,0.03510582786949494,0.08854348768872658,0.18991061659204173,0.19077570996567822,0.21158627192279214,0.1465640216081237,0.09277597406380221,0.03918938591696886,0.00517128771346812,0.0003774166589037772
18_2_1,0.04241597461044363,0.10087779316477821,0.20676110242874085,0.23314701438359195,0.191796969958124,0.12489179087567835,0.06740652474414176,0.029715779298781473,0.0026706258857052863,0.00031642465001480006
18_8_1,0.04169913426710362,0.10832835575257388,0.20798352435528822,0.22836981876807386,0.19081738823190306,0.12198761048313153,0.06940522229330416,0.028689319772759958,0.0024779798944852137,0.0002416461813768899
19_3_1,0.04390265374121518,0.10752990005704824,0.17431426720232815,0.20520174484517084,0.21662881130245554,0.1460011800378935,0.07200732559664907,0.028318272936864074,0.0059076674740142325,0.00018817680636088518
20_3_1,0.03706328345547878,0.08760443029878164,0.24141483554942755,0.2406184379902459,0.22212968676032427,0.0999689433794054,0.04921401350579925,0.017815399837764874,0.0023106455322416566,0.0018603236905305274
21_1_2,0.033547534364657336,0.08371536217990877,0.1805828227820954,0.2151413778440751,0.21806472900941204,0.13825974954484532,0.08141062460346127,0.041361941733908274,0.00784513390136439,7.072403627193554e-05
21_2_1,0.041549545724492584,0.08378613768536719,0.2660957931851264,0.23854632758356603,0.20137009668012043,0.0972706231838598,0.05031007484269198,0.01665861847254475,0.0031569000799627094,0.0012558825622681266
21_5_1,0.01757407165412032,0.0323451594285248,0.08519645215612535,0.16381626379665198,0.21587115020642916,0.20741136061880547,0.13720754700650978,0.11896597686475079,0.01756588035086038,0.004046137917222452
24_6_1,0.041465064291548,0.09442374488241766,0.2068548450642913,0.23581197895643635,0.19243036213244352,0.12685342658124507,0.06784365057105272,0.03112046723740022,0.0029518919596491036,0.00024456832351613046
24_7_1,0.041472094222637354,0.09445119548442807,0.25701487679300683,0.2262440128619443,0.20220867684786392,0.10230726981946643,0.05522705123579442,0.016396908481110136,0.0028326935446265676,0.0018452207091224125
25_7_5,0.0440056200558361,0.10122588345215257,0.20308025942112015,0.20386064957031114,0.24607377414808568,0.10667606417357037,0.06786654133389115,0.020766745444235443,0.006125301781906048,0.00031916061889193914
26_1_2,0.03675946977934599,0.09497230186301384,0.1824971963622422,0.21767752215898944,0.20927664771915908,0.12344983201089815,0.08757176640281689,0.03931645528025336,0.008421221168797337,5.758725448380483e-05
26_2_1,0.04147781243183846,0.09686480483979491,0.20566651444007275,0.23497635657159538,0.1931176817268492,0.1260306749100193,0.06738134066116007,0.031332061039101765,0.0028649025849174004,0.00028785079465093244
26_3_2,0.04015222291468464,0.10073771208206496,0.20334457156034322,0.22488146616544788,0.19789819224558383,0.12067368922937419,0.07713035908879,0.03125603593834222,0.0037282747394848294,0.00019747603588469257
26_7_1,0.041643486526885085,0.09175295285089016,0.20709833772671832,0.23624974888740558,0.1911012418828288,0.12908417596027735,0.06799062084845686,0.03169266583016702,0.0031433785950318806,0.0002433908913388281
28_8_1,0.041365906604062856,0.08595669470846591,0.19953180922188557,0.24135869576498073,0.19783121663178535,0.13256442873756075,0.0655652065887296,0.031995262422833994,0.003355200033149046,0.0004755792865460972
29_1_1,0.041730627176048134,0.09726081140815944,0.20546057453503327,0.23579152640245735,0.19293257314929607,0.12551017685527197,0.06677400380293907,0.03131554578029044,0.002938623561598153,0.0002855373289063744
29_2_1,0.0410578902068018,0.11113147999312759,0.20871820885291753,0.225728336444335,0.18971295155360596,0.12216433081555049,0.07041018851963561,0.028531883972193185,0.002321420723455642,0.00022330891837751737
30_1_1,0.04212088781611352,0.09886880816818786,0.20626011527266716,0.23638397783196596,0.1910073776476316,0.12499709145929155,0.06680093975837148,0.030458173288345085,0.002772654046035288,0.00032997471139094845
30_4_1,0.04042512218201145,0.0851843459451467,0.204189318581238,0.24622257185247,0.19303523040446058,0.12914235098754343,0.06707130337973137,0.03134217813750943,0.0029219897696390698,0.00046558876024959447
31_2_1,0.0410578902068018,0.11113147999312759,0.20871820885291753,0.225728336444335,0.18971295155360596,0.12216433081555049,0.07041018851963561,0.028531883972193185,0.002321420723455642,0.00022330891837751737
31_3_1,0.03863569187452282,0.09280527290191394,0.2303247074422229,0.23612706867447728,0.2214823295789322,0.10550343862414126,0.05253469908886015,0.019664522327058512,0.001969987225934377,0.0009522822619366404
32_3_1,0.028054932814331437,0.057593464499815436,0.14123457659083294,0.21060911405627558,0.22470086867985758,0.1740319713181183,0.11534767137752906,0.04110180441969,0.006207699748777123,0.0011178964947729934
32_7_1,0.04142366377860498,0.08414405639592165,0.21275864309558948,0.21241692581214813,0.23858114961190846,0.11574328769178142,0.06244489877582803,0.021272192003412158,0.006092073050773587,0.005123109784032173
32_9_1,0.028675007572858225,0.05637105888944181,0.14115872032086346,0.20871432519746422,0.2261559020354137,0.1753087325814796,0.11601810740579507,0.04078206545839771,0.005631584025278608,0.001184496513008007
33_5_1,0.03982119207875722,0.08654853577987232,0.17775894257513203,0.20040036977530226,0.21839380716092452,0.1615774501738792,0.07834197164725114,0.03285125065919833,0.00357697295637389,0.0007295071933087719
33_8_1,0.04311322395967964,0.0914048788424828,0.18298802875568776,0.20954399877682284,0.21831434313697054,0.1506171354216323,0.07103866429564917,0.029348656310734616,0.0030029328301780186,0.000628137670162264
36_1_1,0.04410756532180855,0.09340261987937704,0.18367513007892391,0.2113264518555543,0.2179376037702399,0.14812267198551887,0.0691299013302049,0.028778804630797246,0.002978039842902648,0.0005412113046726519
36_6_1,0.038495540591530465,0.09608271583604616,0.18957402198060477,0.1910781759364633,0.21801697780049503,0.15609003222096912,0.07577066402874545,0.03017402780432971,0.0044253835673214465,0.00029246023349462487
38_7_1,0.03367894825295285,0.07096224987238471,0.16899923271031703,0.22265772245932358,0.2163204743972509,0.1517151158995161,0.09226614404196563,0.03854245903891566,0.004138288502464221,0.0007193648249094085
38_8_1,0.033011149285908516,0.08667795999206705,0.17816321481697314,0.2065582244643009,0.21475236594591152,0.143045133845574,0.09408828267322171,0.03948483371528443,0.0037230711576370194,0.0004957641031221028
41_2_1,0.03799340465804534,0.09379110343952268,0.2310532241052866,0.22839502748129317,0.22154807367630183,0.10831966046250781,0.05389583766987248,0.022397068286451324,0.0017757288381892579,0.0008308713825297036
41_9_1,0.03349034168320916,0.06950516359443744,0.16750319890392854,0.2235987381151679,0.2170596826465306,0.15403526459299774,0.09043391172571605,0.0392045078717472,0.004311311176362504,0.0008578796899030143
42_9_1,0.04119651582839771,0.08767061903609276,0.1787847013492443,0.20168907280004728,0.21799675558762688,0.16045655511666934,0.07656952159557467,0.0317430748964238,0.0032420381660386594,0.0006511456238843057
43_2_1,0.038494962819921236,0.08927267356377153,0.2048785299634058,0.22082466171068552,0.24108359929661374,0.11188220504442352,0.06109243897652192,0.020801761523491197,0.007403598796237076,0.004265568304928239
43_6_1,0.028319460295886095,0.05678407055260347,0.14093181014007808,0.2097153557879867,0.22853625888399356,0.17273968998568326,0.11542001972753199,0.04097639280057036,0.005415932721672642,0.0011610091039943701
44_3_1,0.01706626884581757,0.039105932193393346,0.08510053800462103,0.18790683224886043,0.2153072665750122,0.18868968327247188,0.1348629886327554,0.10839230227728047,0.01821182314190534,0.005356364807882824
45_8_1,0.056265884125921116,0.07739902401253598,0.18865162378872824,0.23085617133435304,0.20055799128622703,0.13900536405517178,0.07785878923003332,0.024360714568462064,0.004866686089739815,0.00017775150882806315
46_3_1,0.032207406736169855,0.057571824467730015,0.14612074952726414,0.23588863669983676,0.20889002523410885,0.15418586795045255,0.11582960016665604,0.0394190106377385,0.0095021945888849,0.00038468399115888487
46_7_1,0.04731199866673936,0.0800020329873561,0.1718523305015267,0.21553902022112972,0.21940073325354906,0.154861591723366,0.07559514662449646,0.03043750569958441,0.004549307210357005,0.00045033311189534545
47_10_1,0.03338038531581075,0.08933421941907863,0.18132466662763133,0.20884385915888098,0.2233218502016498,0.13099418819117575,0.09483710405364681,0.024243649471854162,0.01177118841457772,0.0019488891456947734
48_4_1,0.03339658864860781,0.05853592443988782,0.146413944755754,0.22642556835905514,0.20434033064896917,0.1620361285004745,0.11836401135037032,0.039599963861835785,0.01040404441722108,0.00048349501782464786
49_1_1,0.05738847112016581,0.10139271869280266,0.20543794428876797,0.2492276131538922,0.1848364934962903,0.11158349071408101,0.06109686223762729,0.02502240743331862,0.0039011129651876173,0.00011288589786694128
49_2_1,0.028934687175325453,0.0562025824987885,0.13680029334799704,0.20641633080545627,0.2231637645521754,0.18306937820771121,0.11583455333066224,0.042125255491229474,0.005987752192881681,0.001465402397772943
49_5_1,0.02739385149391922,0.05761311640708395,0.13327946671102994,0.20516161752525583,0.22740332815282158,0.18012275619074491,0.11314532391398843,0.04645211837285738,0.007202703265967941,0.0022257179663308347
49_10_1,0.05421336429978838,0.07921812336320605,0.1889510248388346,0.22392312596321506,0.20015122182583092,0.1412553237737213,0.08126515458574123,0.02577664006842064,0.00505009398928343,0.00019592729195873142
50_5_1,0.0318219465775589,0.07536662792979984,0.16838142654152866,0.20647791423234824,0.23211491525234712,0.1455988772968958,0.09213846141062093,0.0437143736678189,0.003745335796162751,0.0006401212949193226
51_5_1,0.031088326351630342,0.06891057992891647,0.152031551594674,0.22654023147026597,0.22368366245817678,0.15090717649178556,0.09465333734485819,0.04527225085060679,0.006076166633475017,0.0008367168756107229
52_5_1,0.04140064155565343,0.0908252641440364,0.20530335645049477,0.23812003514587418,0.19188742099855535,0.13003329713658024,0.0674839660499658,0.03160710727498434,0.0030920619884758764,0.0002468492553794989
53_2_1,0.04456563749270935,0.1040920582778782,0.19758415847808006,0.20737921496849518,0.20171387147417552,0.14535052887564337,0.06739485713340138,0.027629566315639585,0.0039000681788102435,0.0003900388051673416
53_4_1,0.028675007572858225,0.05637105888944181,0.14115872032086346,0.20871432519746422,0.2261559020354137,0.1753087325814796,0.11601810740579507,0.04078206545839771,0.005631584025278608,0.001184496513008007
57_9_1,0.04165939241637783,0.08822420407895185,0.18146871214439306,0.20443121507792666,0.21934630784644427,0.1560276712233563,0.07454571704071238,0.030650756460387896,0.0030617598799259397,0.0005842638315237126
59_3_1,0.028875272511295513,0.05667532567299828,0.13814238728550118,0.20619212122005018,0.22279290027662077,0.18155863600784136,0.11660459494680632,0.041817975408784396,0.005962758224652638,0.0013780284454495693
59_4_1,0.03401771755132915,0.09070472888706434,0.17901083253539207,0.20825662893378008,0.21036108803839265,0.1416896454474066,0.09227578264234507,0.03918453013681621,0.004048025543741122,0.00045102028373312695
59_7_1,0.02645349489342073,0.05685515989135666,0.13720532133412064,0.19360363660073118,0.2331841856943095,0.1773602706262381,0.12086861337038755,0.045966483131728894,0.007071717904560595,0.001431116553146309
60_3_1,0.028474707802795627,0.05688041855940285,0.14060468906401125,0.21103185222350113,0.22957367239960585,0.17181689689318608,0.11369422340615114,0.04135808053221521,0.00539522682774524,0.0011702322913861283
60_6_1,0.02766717292539175,0.06051794842434156,0.15943099277305994,0.23076912891745577,0.20723899859724915,0.15166448421244283,0.11670741032836265,0.03488965192698535,0.010897325669685334,0.0002168862250263127
62_1_1,0.03361168131894363,0.058370717360836565,0.14572704678724252,0.22857259926970913,0.2040875721933561,0.16153546166970006,0.11866065017720394,0.03909543223178866,0.009863006808643953,0.00047583218257560566
62_5_2,0.04068241905236168,0.09696710205940832,0.19341304652207317,0.2095858289866196,0.2037288469881448,0.15505345757790304,0.07156284421942198,0.020384156330303133,0.008582029448209749,4.02688155549241e-05
63_4_2,0.026568965548328473,0.07560997816346453,0.18042921929313574,0.22203009784208133,0.21539034784168923,0.14128943996834098,0.0953127523809517,0.035736344865506656,0.007574567722019338,5.8286374482198314e-05
63_7_1,0.054675596632568296,0.09660937078718365,0.20062708734380824,0.24133216750695854,0.1906829571865224,0.12157107839529921,0.06367933385148061,0.025913909131061612,0.004843944530956503,6.455463416116572e-05
64_1_1,0.032373830894618656,0.06211260500981757,0.14270296235122407,0.22589667416560427,0.20398309143238508,0.16034629566509168,0.11509739808393797,0.04281586002165362,0.013132002985089064,0.0015392793905781308
64_8_1,0.05570720725612547,0.08361717503413287,0.167301255890625,0.2098906229517571,0.2189978742043762,0.14730649050829403,0.08244131111894577,0.027670604289860536,0.006771610609494252,0.0002958481363888014
65_1_1,0.04127994365003009,0.08573634003739106,0.20010319290479658,0.24045841500013596,0.19735905380212124,0.13276247700162525,0.0662661270001376,0.0323894247859615,0.0032216204442979575,0.00042340537350261893
65_2_5,0.040100576247405255,0.0909432373901354,0.19540285133333535,0.21037387025017687,0.1836223606740489,0.1459417545508574,0.09732113347539512,0.02454328296268464,0.011744366287350295,6.566828611460623e-06
66_4_1,0.04138048077839454,0.08769317861944409,0.20500068840644292,0.2430709801842799,0.1861338202955069,0.13114972094966815,0.06991894717485665,0.03119648234576155,0.0042670253674766,0.0001886758781687215
66_6_1,0.03146282468168722,0.0767490375443324,0.15391700687567766,0.2176355550543085,0.22698435383760307,0.14288203634679186,0.09620486419076406,0.0477454799594345,0.005718712210800661,0.0007001292986002786
66_7_1,0.04127496064554812,0.08690631141776445,0.1839962626811466,0.24906152791820094,0.19851289986377244,0.14062398216685568,0.06191350392813331,0.031156427731139805,0.0063333204119898024,0.00022080323544890806
68_1_1,0.03604266967351051,0.08831983884840766,0.18940618314332455,0.21408172116095056,0.24250296969701093,0.13100855527715516,0.06478022114160031,0.02678486379654625,0.003971640314408021,0.003101336947085978
68_3_1,0.04119651582839771,0.08767061903609276,0.1787847013492443,0.20168907280004728,0.21799675558762688,0.16045655511666934,0.07656952159557467,0.0317430748964238,0.0032420381660386594,0.0006511456238843057
68_5_1,0.04176816061645799,0.09108444102225484,0.20237631082748148,0.24067427913101905,0.18929528108815832,0.1306937161107517,0.06865378861722089,0.03102227400610455,0.004220516454825676,0.00021123212572543614
70_8_1,0.01722877160502568,0.03923782031300545,0.08549709754037002,0.18913300123352353,0.21470773355341916,0.1878425788325605,0.13531771877198323,0.10737502016005174,0.018259372749303386,0.005400885240757833
71_3_1,0.04739996503180955,0.07935670168155898,0.17185026778617132,0.21578039518451594,0.21771496909936508,0.15460947554902232,0.07782055265061748,0.030022248200644735,0.004995114471020892,0.0004503103452736523
71_4_1,0.05752455040280081,0.10278126289660305,0.217651095252947,0.24537807885467883,0.1752807059704217,0.11392529752787228,0.05810120429795977,0.025701431715993265,0.0035793849637673165,7.698811695652121e-05
72_2_1,0.04977928137707418,0.08352924901851624,0.16994067721176792,0.2095606489425774,0.21755485006278144,0.15579871097672388,0.07854602928987496,0.029636218775167398,0.005205836957155121,0.00044849738836157376
72_7_1,0.051654444716202196,0.07906734897345888,0.18133813110363572,0.21404566146849188,0.2113299601104037,0.1434504716970842,0.0834827017832787,0.02870664087194448,0.006535266020852879,0.0003893732546474738
73_5_1,0.03933671788172518,0.08673494235289891,0.20430604994819668,0.25462235024826313,0.18862963703365346,0.12511715308305468,0.067866776054463,0.029210737863318424,0.003986092904726018,0.00018954262970043671
75_4_1,0.033011149285908516,0.08667795999206705,0.17816321481697314,0.2065582244643009,0.21475236594591152,0.143045133845574,0.09408828267322171,0.03948483371528443,0.0037230711576370194,0.0004957641031221028
76_1_1,0.041971838667116707,0.09897339841859139,0.21213735588287017,0.2357892371880853,0.18778305706650206,0.12287284396895477,0.06799941439767729,0.02962413598263482,0.0025355953406387293,0.00031312308692899965
76_4_1,0.041387505125466316,0.10649855255453033,0.2076143359558079,0.22763123753150893,0.19146046279968656,0.12310012780396284,0.0703425270248101,0.02908879811034166,0.0025724628995971903,0.00030399019428853434
76_7_1,0.03980900920484611,0.09508923744608584,0.2047984169986821,0.22809231333573451,0.1988251225154594,0.12310506114388022,0.07460412988266427,0.03172256348563877,0.003785618548252732,0.00016852743875638728
77_1_1,0.03898089244954876,0.08690136310737233,0.24524808069019988,0.2185453193087559,0.20742063425108512,0.11883181922261749,0.05936315536847926,0.01987217231209781,0.0031383022117852334,0.0016982610780584652
78_1_1,0.038629760637304236,0.082375661475611,0.2595301249773361,0.23699343703068101,0.20628277040834705,0.10393577664120279,0.050619110257376754,0.016645216735107677,0.0030260341082759133,0.0019621077287576816
78_8_1,0.013756258451571305,0.038473559283244974,0.08622709101220703,0.165158507299584,0.21504254907447293,0.20295575414588457,0.13523413911155865,0.12406508112538818,0.016325716409301534,0.002761344086787475
80_4_1,0.04127994365003009,0.08573634003739106,0.20010319290479658,0.24045841500013596,0.19735905380212124,0.13276247700162525,0.0662661270001376,0.0323894247859615,0.0032216204442979575,0.00042340537350261893
80_7_1,0.041643486526885085,0.09175295285089016,0.20709833772671832,0.23624974888740558,0.1911012418828288,0.12908417596027735,0.06799062084845686,0.03169266583016702,0.0031433785950318806,0.0002433908913388281
81_6_1,0.0410578902068018,0.11113147999312759,0.20871820885291753,0.225728336444335,0.18971295155360596,0.12216433081555049,0.07041018851963561,0.028531883972193185,0.002321420723455642,0.00022330891837751737
81_7_1,0.04114286839003601,0.08720644906736749,0.20773155040674599,0.24041325066728061,0.18961775677482526,0.1302839451096895,0.06851591221766339,0.031823143034922396,0.0030408313236465322,0.00022429300782278428
83_4_1,0.056865812441718275,0.10417046328276196,0.21693634473562431,0.24419556738825104,0.17597069177355326,0.11326144749680957,0.05918713863317805,0.025758334903074852,0.003575234943487718,7.896440154150146e-05
83_8_1,0.04035245344197419,0.08493075365956855,0.20476619524058876,0.24506711428913566,0.1923583780249074,0.12965428361959155,0.06767088910979134,0.031887237658246394,0.002899280108989685,0.00041341484720611616
84_3_1,0.033567843156484374,0.06892209968239102,0.16781176813361687,0.2231411253131471,0.21690531094941695,0.1545782724219294,0.09059263893996823,0.039256494287321135,0.004365540962309551,0.0008589061534154442
84_4_1,0.041311792146130864,0.08584274281785755,0.2000920489792567,0.24078342591690993,0.19786134764873256,0.1323518942310933,0.06591734555614527,0.03211409841269022,0.003249725004637363,0.0004755792865460972
84_8_1,0.0410578902068018,0.11113147999312759,0.20871820885291753,0.225728336444335,0.18971295155360596,0.12216433081555049,0.07041018851963561,0.028531883972193185,0.002321420723455642,0.00022330891837751737
85_2_1,0.05411939264239757,0.07843967903916395,0.19065249645671187,0.22062061297820218,0.2006118113096738,0.1413943292807054,0.08262749306658541,0.02597172628115752,0.005354267260342805,0.0002081916850598499
85_4_1,0.058509425981580265,0.08618746549749043,0.20725176604823992,0.23628862900081407,0.17918461699894497,0.13693761642489385,0.06845804230440543,0.023171899800308936,0.0038898536102743293,0.00012068433304852407
87_1_1,0.041730627176048134,0.09726081140815944,0.20546057453503327,0.23579152640245735,0.19293257314929607,0.12551017685527197,0.06677400380293907,0.03131554578029044,0.002938623561598153,0.0002855373289063744
88_3_1,0.040296366170425785,0.08304683387581338,0.26154129303599627,0.23528880942301011,0.20469383054350984,0.10272435980437505,0.05107250444355498,0.016520228671821964,0.002937402789664072,0.0018783712418287129
88_4_1,0.033451637708489156,0.06968940269640377,0.16757199145292517,0.22394284336864154,0.21680002136440002,0.15389721122342798,0.09050710941571302,0.038947151092729594,0.00433113207786457,0.0008614995994052767
89_6_1,0.0410578902068018,0.11113147999312759,0.20871820885291753,0.225728336444335,0.18971295155360596,0.12216433081555049,0.07041018851963561,0.028531883972193185,0.002321420723455642,0.00022330891837751737
90_2_1,0.040326006110685875,0.0916360223927201,0.2061360584406342,0.22866300335966816,0.19829467311914578,0.12440115378825234,0.0750496675425586,0.03143150181334559,0.0039265240812737575,0.00013538935171566666
90_5_1,0.08653232389272675,0.1257304259151864,0.17308058313345212,0.216784419866195,0.19585390955982862,0.11881609736595013,0.061300248778940705,0.014939478115793284,0.006924444797258661,3.806857466885799e-05
90_6_1,0.04105319240775991,0.1118532704813297,0.20955175043361626,0.2252939241863852,0.1877825594773881,0.12314661423180355,0.07080038364407903,0.027963976682384983,0.002354597167248735,0.00019973128800487004
91_3_1,0.04212088781611352,0.09886880816818786,0.20626011527266716,0.23638397783196596,0.1910073776476316,0.12499709145929155,0.06680093975837148,0.030458173288345085,0.002772654046035288,0.00032997471139094845
91_4_1,0.04193731250987617,0.09299913625108326,0.20680477246323284,0.2363790620867836,0.19102901400709807,0.12820875888193578,0.06807519854337883,0.03135202128544385,0.0029726411705235855,0.00024208280064402159
92_1_1,0.041387505125466316,0.10649855255453033,0.2076143359558079,0.22763123753150893,0.19146046279968656,0.12310012780396284,0.0703425270248101,0.02908879811034166,0.0025724628995971903,0.00030399019428853434
92_5_1,0.04107684192881611,0.08863437467412721,0.20519146951396838,0.2392161444139034,0.19198520745357017,0.13080141333381165,0.06794049917167018,0.031855291059216556,0.0030638049671079105,0.00023495348380827102
93_6_1,0.0901100815925709,0.12557305661492077,0.18346291654091793,0.2315141820033897,0.1853987453633992,0.11180022082311075,0.05161492256093694,0.01397405263657288,0.006488594060885678,6.322780329595612e-05
95_2_1,0.041583620726713476,0.10467700667648537,0.2071296904987408,0.22949897923291876,0.19181223922527255,0.12398563641461319,0.06950963255731178,0.028965550929838487,0.0025393548661738815,0.0002982888719321235
96_1_1,0.09662607429245573,0.12485977589942493,0.17377486799777295,0.22837873635213526,0.1850617895282663,0.11638036076362204,0.053299896074260285,0.013872545163715038,0.007683142283065532,6.281164528240382e-05
96_10_1,0.04109978942111343,0.0871270604030982,0.20761116779254116,0.24067854032497243,0.18980987458867674,0.1301101872242004,0.06835159984773621,0.03191254271942205,0.0030505399288458628,0.00024869774939351494
97_1_1,0.01722877160502568,0.03923782031300545,0.08549709754037002,0.18913300123352353,0.21470773355341916,0.1878425788325605,0.13531771877198323,0.10737502016005174,0.018259372749303386,0.005400885240757833
97_2_1,0.016835924941899498,0.03931502803424402,0.08621479687644285,0.2004045267516962,0.20870982299760685,0.18548647343036043,0.14039830620483376,0.10177263513286462,0.016952006144001004,0.003910479486051224
97_3_1,0.09430196341122608,0.12391686707421028,0.1795871753835206,0.23211552851504075,0.18430838084516385,0.11406680177544982,0.050687156063130935,0.01393717169315588,0.007016666970390496,6.22882687119741e-05
97_7_1,0.041583620726713476,0.10467700667648537,0.2071296904987408,0.22949897923291876,0.19181223922527255,0.12398563641461319,0.06950963255731178,0.028965550929838487,0.0025393548661738815,0.0002982888719321235
97_8_1,0.04105319240775991,0.1118532704813297,0.20955175043361626,0.2252939241863852,0.1877825594773881,0.12314661423180355,0.07080038364407903,0.027963976682384983,0.002354597167248735,0.00019973128800487004
99_1_1,0.041769944618376936,0.09327735649941252,0.20677625068974667,0.2360830546554974,0.191446208287943,0.12800778942058746,0.06784827395045898,0.03149760799984202,0.00305143107749099,0.00024208280064402159
100_2_1,0.09428140338150924,0.12394494599578676,0.17836167194933236,0.23358965527806724,0.18417406352516089,0.11353567154099053,0.05100603433428929,0.013991091162528795,0.007051211855085841,6.425097724975623e-05
100_7_1,0.041443135951106776,0.09075822635774887,0.20518998149981255,0.23709216833925542,0.1930214522532741,0.12996573434834585,0.06748843819976334,0.031760868635676225,0.0030331451596372267,0.0002468492553794989
101_5_1,0.04195083393573698,0.10165894053396082,0.20688669802125217,0.2325829340495074,0.19246514712351057,0.12439465866174158,0.06786257988637891,0.02925332203973546,0.0026380000488770627,0.00030688569929937883
102_7_1,0.05654807225125564,0.08459152790944025,0.20350062161722732,0.23122896940022963,0.19099242153538173,0.13501223008978788,0.07117698666433275,0.022830319457133513,0.00397491811760212,0.00014393295760980917
102_8_1,0.030734566905371276,0.06123423313544208,0.1559882565457906,0.22184945916275792,0.21319594116786905,0.151302196906514,0.1146598151011676,0.04158479371333612,0.009174816084005905,0.0002759212777459989
103_7_1,0.028397751759593984,0.056327317561175545,0.1352326664423381,0.20166221318329958,0.22549507388502202,0.18491172134869271,0.11609997153468354,0.043458555925707736,0.0067171313502532425,0.0016975970092337168
103_8_1,0.04041766199370372,0.10428311081396198,0.2036066234261965,0.22281363461887682,0.19718742915076262,0.11898514753322427,0.0776294615163385,0.031126150937829725,0.0038099466637766984,0.00014083334532945891
104_2_1,0.04140064155565343,0.0908252641440364,0.20530335645049477,0.23812003514587418,0.19188742099855535,0.13003329713658024,0.0674839660499658,0.03160710727498434,0.0030920619884758764,0.0002468492553794989
104_4_1,0.04114286839003601,0.08720644906736749,0.20773155040674599,0.24041325066728061,0.18961775677482526,0.1302839451096895,0.06851591221766339,0.031823143034922396,0.0030408313236465322,0.00022429300782278428
104_7_1,0.10866323381955606,0.14335670769704512,0.17428961886120595,0.2347133981317549,0.19060633579222275,0.09111948827634922,0.04547813303510522,0.005597671846331288,0.0057216325100154205,0.00045378003041472633
105_1_1,0.04140775628152164,0.09290334710463852,0.2572103435965446,0.22781145956846163,0.2027870012481178,0.10273888318182506,0.054468597219915996,0.01606468524077187,0.0027603657942098974,0.0018475607639934252
106_10_1,0.027588328924957203,0.06716138803645812,0.15430211295811191,0.19611416692784783,0.22727866266641372,0.16742309783466902,0.11158844669693326,0.0424239849407066,0.005226410956767496,0.0008934000571353093
107_5_2,0.03890553732997434,0.0860716776193726,0.16403329412986842,0.1987354374513178,0.23161387981604736,0.15756420917970948,0.08078858738155967,0.0337465632112039,0.008392802513098914,0.00014801136784713774
107_7_1,0.04350001413585447,0.08916446848201856,0.18367688673600888,0.20681519489421452,0.21776812583744384,0.15399187777450338,0.07164272138131972,0.029879379213689074,0.0030082555386173183,0.0005530760063302213
107_8_2,0.024888038366776995,0.057298955503909864,0.14216557291613394,0.19686022263911787,0.23568849257895053,0.16471352781764573,0.12231538332695804,0.04674568066486128,0.00897954221575059,0.0003445839698951296
108_7_1,0.03815867611312597,0.08861773852360756,0.18490145737785543,0.20967374520024035,0.2436889487521093,0.13113768404346493,0.0675087023366682,0.02940886708961396,0.003946602965922074,0.0029575775973922098
108_10_2,0.025479807510166232,0.0561843370396116,0.1381398417439443,0.19439626606131089,0.2311890223985867,0.17566223725931632,0.1225324803148994,0.047346591954164914,0.008659063573512414,0.0004103521444871196
109_8_1,0.04066751205279468,0.09411899898685556,0.1566085986988585,0.19176246614195297,0.23149852534304474,0.17016281492272528,0.0803418122735994,0.030112450975715303,0.004160126200777175,0.0005666944036762546
110_1_1,0.037684870317383136,0.10329424482138846,0.18523832229808782,0.1912234418825839,0.2802835582124154,0.11421333957267593,0.06167206572176044,0.01705312926776769,0.005394883166112442,0.003942144739825095
110_5_2,0.017536772447440927,0.030118641088707595,0.08414258180417154,0.13269572445826916,0.2233688039253918,0.18886050972592416,0.1564412587885939,0.13151404324579072,0.034182963757706554,0.0011387007580036946
110_8_1,0.02547067362968315,0.06001565359079837,0.12060295117896477,0.20811771400517431,0.23995249025038706,0.19500246831337348,0.10042272308806868,0.04062757861145691,0.007363203343675082,0.002424543988418558
112_11_1,0.04184833309597042,0.09256232402806165,0.20615070618380485,0.23637243944334735,0.1905050088456081,0.12896771737784835,0.06862828282795452,0.031587914990446955,0.003135528310280942,0.00024174489667691543
112_12_1,0.024972404055556178,0.07280511357055183,0.15328447807005402,0.21433082754338087,0.244934064001493,0.15866965483380552,0.08452933572828665,0.03280538745907227,0.006867178983835573,0.006801555753964017
113_5_1,0.028408061840341805,0.06166598809252664,0.13524798394122406,0.1994740607936601,0.22943314594123723,0.17524474702434067,0.11959446019805327,0.04201411664306344,0.008034369827558566,0.0008830656979943417
113_7_1,0.01620581533897186,0.03299772363905855,0.08469558273173983,0.16342156764512622,0.21006788385659822,0.21264599490726893,0.14095029452082977,0.11937035703554434,0.016731055256050537,0.0029137250688123003
115_7_1,0.02234243675100813,0.03685391530751565,0.09042428552048698,0.15902425889418642,0.20047895356264184,0.21112452269137327,0.13089770490094277,0.12498041931671672,0.019670337013524223,0.004203166041604539
115_11_1,0.030562996736993326,0.07536154552089046,0.15188731016294377,0.19794690921574934,0.21915413562421254,0.16017550468792224,0.11536209248473345,0.04154936484278241,0.007529255570003864,0.00047088515376901796
115_12_1,0.02643007420295209,0.05867783723537757,0.1305422572560094,0.20752738612297514,0.22980050876778937,0.17990443368002945,0.11038455277846752,0.04670878737416493,0.00703164429963168,0.0029925182826029506
116_3_1,0.028219458924796575,0.057540133840870124,0.1405400806177467,0.2109700215411161,0.23047332906686763,0.17161861319253957,0.11229163636372162,0.04188098516700181,0.005310062011125138,0.0011556792742152687
116_8_1,0.018076239039388535,0.0354760936129377,0.08671832698369907,0.14741724083053478,0.22417696338509405,0.19372526162471218,0.14419227809246063,0.12374773169354464,0.024054312421232033,0.002415552316396555
117_1_1,0.029121033240424667,0.0567625650815494,0.13834128776315152,0.20694555200218576,0.22269169124841212,0.18071879610853558,0.11656803171064392,0.04165334949347394,0.0058550227552722055,0.001342670596351108
118_12_2,0.024248619165771455,0.055887797355408934,0.13457905978726215,0.1831515998246225,0.2384791075134885,0.1808011930950445,0.12361177012890158,0.04941825702549128,0.009443070088123132,0.0003795260158860184
119_3_2,0.03554907957959902,0.08205118378559689,0.16087246240402572,0.18809171183710105,0.2328995201099355,0.17091675655333344,0.08641598530279003,0.03594338432726924,0.0070559638444487515,0.00020395225589983176
119_10_1,0.025656559173551894,0.05578554851121434,0.1325930710597427,0.19705867054609655,0.2267321867364425,0.1874039782425863,0.11511119561518371,0.04888803286559724,0.00927155039528155,0.001499206854303283
119_12_2,0.03791817815026454,0.08333695404275855,0.1638832419402672,0.19502902226093735,0.23108789864458618,0.1637490787417233,0.08341598202159213,0.033710577675399825,0.007713451679041103,0.0001556148434295484
120_2_1,0.03982119207875722,0.08654853577987232,0.17775894257513203,0.20040036977530226,0.21839380716092452,0.1615774501738792,0.07834197164725114,0.03285125065919833,0.00357697295637389,0.0007295071933087719
120_3_1,0.03929266752570453,0.0863195223100288,0.17672609936338618,0.20004142742305656,0.21937303192678206,0.16219771887299214,0.07852885135952889,0.03313462274031355,0.0036539162387849372,0.0007321422394220789
120_7_1,0.04233544342234837,0.08486038885587688,0.21259902994821284,0.21239229212508923,0.2376420502327134,0.11577846578211655,0.06255486978803991,0.021006301417044702,0.005819189019307044,0.005011969409251199
120_10_1,0.031963254338841784,0.08692971039941325,0.1912071672048344,0.19830056732261883,0.24939863312059032,0.13349460169758953,0.07001493614326613,0.03021426906766144,0.0036776281745887394,0.004799232530595606
121_11_1,0.05372827537863579,0.0787394353334411,0.18852915183496136,0.22489267735094393,0.2023072827912073,0.1403082647335539,0.0808916932435033,0.025480526515502738,0.004926411258266792,0.0001962815599840988
122_5_2,0.016245547931050687,0.030549921532037852,0.08410641864233703,0.13388945275967284,0.2227913319162438,0.19120648783726713,0.15881932871608034,0.12924913191327567,0.03226893441700285,0.0008734443350319624
122_15_1,0.028907674768141756,0.08083471568237628,0.16254617314397676,0.20703539724138476,0.22236432595378416,0.15424449298145582,0.0920065555875783,0.0379615387283883,0.011332828548223,0.0027662973646911454
123_7_1,0.04590334566830089,0.09985922205758088,0.20394935101931305,0.23341413915812367,0.20046101157367271,0.11029252618146214,0.06973380627854162,0.031483309866440594,0.004816327007223124,8.696118934165281e-05
124_1_1,0.014145044011005503,0.03862555133446863,0.08316702716175174,0.16700420545924408,0.22278996500010645,0.20950065336693188,0.1305864741653116,0.1159075398630415,0.015836072184752116,0.0024374674533871486
124_7_1,0.03743236224207009,0.10365684802132138,0.1847830978449684,0.19057320792215085,0.28333880469617606,0.1133006980604694,0.06098206666530511,0.016901451879582242,0.005254530654244185,0.00377693201371259
124_10_1,0.0178108833772588,0.032524429320925134,0.08484034570301846,0.16355061934137521,0.21645761019711793,0.2077050579278497,0.1361632357598229,0.11934357557883903,0.01738077687985681,0.0042234659139364665
125_1_1,0.041158051116674504,0.08941325395693053,0.20540911759713765,0.23809623867996918,0.1928571532723122,0.13055115086407534,0.06745655574599671,0.03175714371947331,0.003066381563622135,0.00023495348380827102
125_4_1,0.03933380408404438,0.08974912678290725,0.20244641979064612,0.22786722035133986,0.20319655573125392,0.12784817386722466,0.07427731036940256,0.031387942677214724,0.003753990949002975,0.00013945539696346858
127_7_2,0.04375221019136278,0.10078458859296349,0.16911461900201405,0.20619924594571687,0.2252047430987557,0.14671405161673565,0.07472851015775217,0.02820389766831161,0.005056195508759998,0.0002419382176273446
127_12_1,0.04311322395967964,0.0914048788424828,0.18298802875568776,0.20954399877682284,0.21831434313697054,0.1506171354216323,0.07103866429564917,0.029348656310734616,0.0030029328301780186,0.000628137670162264
128_1_1,0.038495540591530465,0.09608271583604616,0.18957402198060477,0.1910781759364633,0.21801697780049503,0.15609003222096912,0.07577066402874545,0.03017402780432971,0.0044253835673214465,0.00029246023349462487
128_7_1,0.042530358647709356,0.0979210056495676,0.19120881507206614,0.21040014448065283,0.2107693964657702,0.14859758719694796,0.06713779927353808,0.027892218737944702,0.0030303573863071586,0.0005123170894960806
