psu_hh_idcode,subjective_poverty_1,subjective_poverty_2,subjective_poverty_3,subjective_poverty_4,subjective_poverty_5,subjective_poverty_6,subjective_poverty_7,subjective_poverty_8,subjective_poverty_9,subjective_poverty_10
785_6_1,0.04212652153906854,0.08181480106129856,0.16405822671169673,0.1887622495125439,0.19688468752930874,0.14460134616829082,0.10951650813771231,0.061334747832739116,0.008987140741537671,0.0019137707658035315
783_8_3,0.040234389933496165,0.08157402779797975,0.1598024011586818,0.1872937478623079,0.20317684417220144,0.14371138502153005,0.11339914768974516,0.05917045261830288,0.009005284007766231,0.002632319737989081
561_5_1,0.04212652864367433,0.08181478174038234,0.16405821319214642,0.18876226935294124,0.1968845919593802,0.14460140234365815,0.10951649313844726,0.061334814529710235,0.008987141315199357,0.001913763784459408
285_8_2,0.042126465488412826,0.08181493946000551,0.1640582297575779,0.18876205512367356,0.1968855224223756,0.1446009390590629,0.10951661982875319,0.061334263693964254,0.008987136627232814,0.0019138285389412874
50_8_3,0.04212652865072133,0.0818147816305315,0.16405821301239765,0.18876226945442337,0.19688459136664546,0.14460140274152788,0.10951649311668614,0.06133481496455333,0.008987141318749092,0.0019137637437644324
374_8_1,0.04212652865864005,0.08181478160073766,0.16405821296130363,0.18876226951327896,0.19688459125713503,0.1446014028565845,0.10951649307026075,0.06133481503121936,0.008987141317759382,0.0019137637330804503
782_8_5,0.03271449533494021,0.07876541875185916,0.14751694066342358,0.18653863257090178,0.22067531284207115,0.14766169924018746,0.1183168750090989,0.05412291135056035,0.009189764763877287,0.004497949473080241
363_5_3,0.03035795886971132,0.07645437014268004,0.14138623241356094,0.1895494608624641,0.22389376932985597,0.15060523744208584,0.12010451482741702,0.05384495963836551,0.00924814158805641,0.004555354885802783
770_6_5,0.02825767845742149,0.07680028004030223,0.13982317763414798,0.18785588534795322,0.22974973988226327,0.15053306530065697,0.1205039140064911,0.05166295612657583,0.009286071863626602,0.005527231340561108
383_8_4,0.04143673299202427,0.08186086279173196,0.16161395201652107,0.18850869335635448,0.20058335575066213,0.14346162865062043,0.11128979029949305,0.06000635654818099,0.009010942875592681,0.0022276847188188466
133_3_2,0.04212652648472215,0.08181479135149605,0.16405822171490608,0.1887622565068383,0.19688464019689214,0.1446013728197209,0.10951649879488166,0.06133478378522034,0.008987141115347961,0.0019137672299748575
710_9_1,0.04155168515313656,0.08179702489655633,0.16264502255470398,0.18858721512584825,0.1993065541084598,0.14455620588280196,0.1101793875759377,0.06028674444345096,0.008980848960180953,0.0021093112989236627
702_11_5,0.036979912283319386,0.08035610802525632,0.15323848350957428,0.18743392256654556,0.21214617150452156,0.14479231521724112,0.11599452485624734,0.056379133298007485,0.009064701360999355,0.0036147273782870595
382_2_3,0.04053696284279636,0.08133650388988553,0.159129042963277,0.18831507620379914,0.20334326635596858,0.14438445048169393,0.11271612475482293,0.058746378373557485,0.00898523088993493,0.0025069632442640296
462_6_5,0.02745605758354896,0.07492454796968198,0.13147054093422741,0.1907666086672933,0.2354719254706485,0.15143942754531683,0.12201326861558509,0.051999463899497944,0.008906005346176391,0.005552153968023767
99_2_4,0.040671362908418676,0.08141667405993573,0.16122037855830956,0.18869572933168655,0.20077984089043655,0.1447754087973573,0.11161744211288523,0.059470485533550776,0.009017840523547307,0.002334837283872282
639_3_5,0.03588219659504795,0.0791266797208536,0.14827632692510537,0.1881336820078433,0.21551600301732537,0.14691588235912373,0.11713816865240277,0.05599768230581516,0.009157779575740573,0.003855598840742477
321_1_1,0.04212652851522651,0.08181478232827114,0.1640582137255877,0.18876226834115695,0.19688459510949471,0.14460140064127566,0.10951649371969138,0.06133481227283345,0.008987141314232427,0.001913764032230203
159_7_2,0.04212652865863399,0.0818147816007039,0.16405821296120351,0.1887622695133102,0.19688459125701965,0.1446014028567116,0.10951649307026953,0.06133481503131692,0.008987141317759585,0.0019137637330715995
833_5_3,0.042125641079847176,0.08181558079871373,0.16405025857108171,0.18876048728639727,0.1968900199521345,0.14459997781632788,0.1095241541875745,0.06133212195605277,0.008987286274467269,0.0019144720774032992
429_7_1,0.04212652865863393,0.08181478160070353,0.16405821296120177,0.18876226951331088,0.1968845912570182,0.14460140285671336,0.1095164930702694,0.06133481503131809,0.008987141317759595,0.00191376373307147
324_1_2,0.042126528658619454,0.08181478160134092,0.16405821296271467,0.18876226951226285,0.19688459125955612,0.1446014028543035,0.10951649307075337,0.06133481502940446,0.008987141317762817,0.0019137637332823586
79_5_5,0.041313626410006986,0.08194805943266172,0.16149186192685283,0.18681717429993205,0.19984180871238502,0.1431648295072755,0.11294854823012222,0.06110401118974536,0.009058997882104663,0.0023110824089133835
696_7_2,0.04212158075121735,0.08181972753882352,0.16404752878205228,0.188760280340101,0.19691989199949186,0.14458042743295446,0.10953150818425915,0.06131519441567368,0.00898737514831698,0.0019164854071103542
99_7_4,0.039511793074210745,0.08139762261228525,0.15825546361090975,0.18770987103902212,0.2051544205977128,0.1429487689023262,0.11429879105365649,0.05868477540961471,0.009108139734202507,0.00293035396605903
669_6_4,0.02825767845742149,0.07680028004030223,0.13982317763414798,0.18785588534795322,0.22974973988226327,0.15053306530065697,0.1205039140064911,0.05166295612657583,0.009286071863626602,0.005527231340561108
461_8_5,0.04212652865863393,0.08181478160070353,0.16405821296120177,0.18876226951331088,0.1968845912570182,0.14460140285671336,0.1095164930702694,0.06133481503131809,0.008987141317759595,0.00191376373307147
551_1_4,0.02461009847164335,0.07489639939812365,0.12930464747281628,0.19907152315848795,0.23350592110920107,0.16159775068419047,0.11488406218562862,0.0459902146212586,0.009132971410641138,0.007006411488008508
35_4_1,0.04212652678058387,0.08181478853462845,0.16405820004195176,0.1887622607949675,0.1968846275641823,0.14460138885621104,0.10951650911545907,0.06133479008497465,0.008987141374895403,0.0019137668521455478
795_1_4,0.038006960211506874,0.08058352969016006,0.14979954568807302,0.18242933417608975,0.20920172586694727,0.1420495142371062,0.12422679402206238,0.060275742336336285,0.009381927441153634,0.004044926330564113
648_7_4,0.02572674776953333,0.07507363280782361,0.12862733196130954,0.18472484419868515,0.2394748655472214,0.15820561967882546,0.1217912384664098,0.048814750113206865,0.009501224744279899,0.008059744712704988
781_7_6,0.04188182425626356,0.0818617197859631,0.16284312608198012,0.1884113197701179,0.1977252421759798,0.14425003841678577,0.1108894410211896,0.061084014817208494,0.009014592306225772,0.002038681368285813
815_2_2,0.042035761400322,0.08176250325782106,0.16257208433443615,0.18875769179632676,0.19732573852835644,0.14507686709585907,0.11036696666385709,0.061125539890498785,0.0089987517923797,0.0019780952401424294
224_8_3,0.036979912283319386,0.08035610802525632,0.15323848350957428,0.18743392256654556,0.21214617150452156,0.14479231521724112,0.11599452485624734,0.056379133298007485,0.009064701360999355,0.0036147273782870595
180_7_2,0.042126523371441016,0.08181480186420118,0.1640582275077702,0.1887622424361642,0.19688469672868644,0.14460134116134601,0.10951650591422062,0.06133474893977821,0.008987140859513455,0.001913771216879037
613_2_3,0.041569377418722644,0.08194174893002555,0.16252860501379462,0.18813241609559334,0.1994253589074341,0.14378009266928868,0.11087185025907487,0.06057639176700061,0.009010185693868144,0.002163973245197485
108_8_2,0.032511687208439645,0.07834940982664894,0.14520389403211964,0.18763661362421033,0.2219516718439186,0.1469700740499268,0.11969981517494135,0.05404841360898312,0.009230832656070989,0.004397587974740664
83_7_4,0.024391277321990215,0.07506339517146385,0.12761465618225026,0.20028427530063173,0.23622189886747522,0.15783146480825985,0.12024468260670666,0.04295276258642063,0.008962433942264116,0.006433153212537782
779_7_1,0.04212652865863393,0.08181478160070353,0.16405821296120177,0.18876226951331088,0.1968845912570182,0.14460140285671336,0.1095164930702694,0.06133481503131809,0.008987141317759595,0.00191376373307147
205_7_3,0.04206503392811863,0.08185049261141027,0.1639329167151445,0.18867696790687616,0.19719108662681042,0.14446792048659146,0.1096677801537701,0.0612189441023649,0.008987962517217717,0.0019408949516961445
391_8_2,0.04212652865867551,0.08181478160148135,0.16405821296303796,0.18876226951237318,0.1968845912596791,0.144601402853971,0.10951649307041353,0.061334815029320394,0.008987141317762662,0.0019137637332850314
600_7_1,0.042126528658641756,0.08181478160244549,0.16405821296530554,0.18876226951163919,0.1968845912627682,0.14460140285020762,0.10951649307155824,0.06133481502603565,0.008987141317812104,0.001913763733586496
699_12_2,0.042126512504364,0.08181482603316133,0.16405823259371963,0.1887622085777525,0.196884798348313,0.14460125597209747,0.10951654367835122,0.06133469919305712,0.008987142492479722,0.0019137806067035822
106_1_2,0.04212652865863394,0.08181478160070353,0.16405821296120185,0.18876226951331085,0.19688459125701827,0.1446014028567133,0.10951649307026941,0.06133481503131806,0.008987141317759599,0.001913763733071473
570_2_3,0.04189350166647014,0.08186654758025534,0.16328585103952414,0.18846654887355374,0.19805097758752524,0.14410064933129002,0.11035124942456079,0.06096261608405046,0.009001513482780372,0.002020544929989347
111_9_4,0.04176277364269136,0.08191419136898084,0.16296771410116084,0.1878081967434684,0.19827250607949432,0.14386766223815026,0.11111518661403233,0.06118473156621053,0.009018324276407873,0.002088713369403175
644_2_7,0.024199059302614533,0.07585778442410465,0.12255127430967114,0.18399769366724592,0.23415813528935375,0.15106180678078085,0.1303290495776993,0.0508849959195537,0.010222875213219332,0.016737325515757098
220_7_1,0.042126528658696046,0.08181478160254325,0.16405821296579065,0.18876226951132785,0.1968845912635657,0.14460140284975948,0.10951649307068607,0.06133481502623491,0.008987141317781427,0.0019137637336156133
685_7_2,0.04212652865861406,0.08181478160140845,0.1640582129631364,0.18876226951215527,0.19688459125947178,0.1446014028541956,0.10951649307058274,0.061334815029388076,0.008987141317752252,0.0019137637332954224
313_7_3,0.0371911444015064,0.07962050687113821,0.15192151888475752,0.18820534132311478,0.21145307222723458,0.1458284165126598,0.11631884379995884,0.05688177237434987,0.009086408526023899,0.003492975079256402
449_10_3,0.03708723539046803,0.07977806799106978,0.15183967804457615,0.18791885749009637,0.21022864279175327,0.14752982999836753,0.11693039771046844,0.05611479906871686,0.009098897065675302,0.003473594448807804
529_11_2,0.042126520989266655,0.08181480215822219,0.16405822447288634,0.18876223556961752,0.1968846954831229,0.14460134383721304,0.10951651179510974,0.06133475317149852,0.00898714099499291,0.0019137715280702963
807_1_4,0.0285095824490316,0.07553397333323042,0.13692633193272802,0.1902050301047003,0.22813841253757153,0.15277541951171614,0.12083625049315526,0.05275368062821797,0.009302349555881493,0.005018969453767062
646_6_1,0.04212652865863448,0.08181478160070692,0.1640582129612133,0.18876226951330688,0.19688459125702998,0.14460140285669806,0.10951649307027048,0.06133481503130771,0.008987141317759666,0.0019137637330725044
51_7_3,0.04203722171210753,0.0818331645524551,0.16375953166265345,0.1886953977136994,0.19736027100472064,0.14444370350001473,0.10979991221771344,0.061131375516409785,0.008986553880120762,0.0019528682401051638
110_9_2,0.04212652864924527,0.08181478163014796,0.16405821301803342,0.18876226945389482,0.19688459137090195,0.14460140273252736,0.10951649312302082,0.061334814959160336,0.008987141318741334,0.001913763744327009
660_9_1,0.04212652865863393,0.08181478160070353,0.16405821296120177,0.18876226951331088,0.1968845912570182,0.14460140285671336,0.1095164930702694,0.06133481503131809,0.008987141317759595,0.00191376373307147
144_8_4,0.024927693885840242,0.07507646422800947,0.1279733697199451,0.19386778368485588,0.22973036045466586,0.1544322038731601,0.128737041187368,0.04883556857206259,0.00981221987233227,0.006607294521760813
548_5_1,0.042126528658633956,0.08181478160070368,0.16405821296120232,0.18876226951331074,0.19688459125701865,0.14460140285671286,0.10951649307026942,0.06133481503131772,0.008987141317759595,0.0019137637330715043
372_10_4,0.04203530729014201,0.08183829833720391,0.16379639120286765,0.1885160345116178,0.197253902778325,0.14445157108575832,0.10992624756995645,0.061235635085312594,0.008991863822812371,0.0019547483160038638
98_8_2,0.042126528658633915,0.08181478160070349,0.16405821296120174,0.18876226951331082,0.19688459125701815,0.14460140285671327,0.10951649307026937,0.06133481503131806,0.008987141317759594,0.0019137637330714685
326_6_5,0.02368980803197892,0.07688258762637577,0.12598455295548736,0.19571500339765618,0.2365597158870991,0.15213078922904494,0.12151651421696541,0.04882290574585436,0.009544057982091918,0.009154064927445986
74_8_3,0.040905514101344145,0.08190507448434058,0.16073618314714685,0.18777232669438712,0.2019272770749381,0.1432482432015924,0.11218170955586818,0.05983661313064067,0.009041297758660598,0.0024457608510816894
256_11_4,0.03588219659504795,0.0791266797208536,0.14827632692510537,0.1881336820078433,0.21551600301732537,0.14691588235912373,0.11713816865240277,0.05599768230581516,0.009157779575740573,0.003855598840742477
815_8_2,0.041987601711583104,0.08187301684717711,0.16368425380587268,0.18863535520911606,0.19766852744816815,0.14438315425946963,0.10977178350250116,0.061027442234307276,0.008991104328956483,0.001977760652848218
381_7_4,0.04207071727990659,0.08183384798002644,0.16390169901565568,0.18859751600309685,0.1971038551464889,0.14448807196109203,0.10978483678333553,0.061287092434854536,0.008992239728013047,0.0019401236675304632
90_1_5,0.020927626188491536,0.07286573878459862,0.13212471796714667,0.2090089626176867,0.2291349581790077,0.16421604489851188,0.10983656782041257,0.04345843457588821,0.008749176726969765,0.009677772241286292
453_11_6,0.03338077263211828,0.07791816633969202,0.1445647551150267,0.18928963182123912,0.21963021980138636,0.14791581925432626,0.11897147973057039,0.054989628133351114,0.009209455240347539,0.004130071931942034
733_4_4,0.02645677142589596,0.07338111653260343,0.12720335458569784,0.19306897662985148,0.23724943466449694,0.15915656530445588,0.12113639018053285,0.04752698665630828,0.009097862953534003,0.005722541066623028
766_8_1,0.0421265286586341,0.0818147816007047,0.16405821296120643,0.1887622695133091,0.19688459125702218,0.14460140285670853,0.10951649307026926,0.06133481503131433,0.008987141317759567,0.0019137637330718282
513_7_5,0.041589049785498725,0.0818421258140044,0.16236521232329937,0.1883938200598346,0.19928301139541826,0.14398958300629586,0.11090934231023514,0.060486185381531145,0.008994795621620208,0.0021468743022618106
147_9_5,0.021588578596934384,0.07366447214616845,0.1331814125602003,0.2013249586968203,0.22675729511523715,0.16385172313343213,0.11288041501742145,0.044459428556247814,0.008947794447782828,0.013343921729755197
388_3_2,0.04212652865779016,0.08181478163164525,0.16405821302222368,0.18876226947113137,0.19688459138366815,0.1446014027533876,0.10951649308074987,0.06133481493937941,0.0089871413173865,0.0019137637426375335
534_5_2,0.042126528658633935,0.08181478160070353,0.16405821296120182,0.18876226951331085,0.19688459125701824,0.1446014028567133,0.10951649307026941,0.06133481503131807,0.008987141317759597,0.0019137637330714724
134_5_2,0.04206746013425148,0.08183773654416253,0.1639458633862804,0.1886786822812163,0.19719776541248624,0.14447620941651115,0.10966764706863794,0.06120103491836438,0.008986921118661478,0.0019406797194276636
479_7_1,0.042126528531738726,0.08181478254614827,0.16405821434404538,0.18876226864200737,0.19688459515000228,0.1446013995459881,0.10951649347431926,0.061334812394816314,0.008987141328912271,0.0019137640420220222
19_6_2,0.042121363096078134,0.08181838736408809,0.1640358480575337,0.18875649229120486,0.1969159170420215,0.14458346873161496,0.10954386732907892,0.06132018031964621,0.008987617414397102,0.0019168583543367637
410_11_1,0.04212652865863393,0.08181478160070353,0.16405821296120177,0.18876226951331088,0.1968845912570182,0.14460140285671336,0.1095164930702694,0.06133481503131809,0.008987141317759595,0.00191376373307147
691_8_2,0.04209561556008795,0.08183254155580419,0.1639864858460398,0.18871729256637595,0.1970887494629187,0.14456067443548115,0.10956304794521766,0.06124154458758943,0.008985884025768857,0.0019281640147163549
526_5_7,0.02747196921016017,0.07669320599438618,0.13549010510156168,0.18623095226793931,0.23456859967148538,0.15301833098848344,0.12030228418058377,0.050311771326408426,0.009383955704588888,0.0065288255544029734
812_9_1,0.0421265286586341,0.08181478160070485,0.1640582129612062,0.18876226951330943,0.19688459125702198,0.14460140285670808,0.10951649307026966,0.06133481503131448,0.00898714131775961,0.0019137637330718142
713_10_2,0.042117299679380944,0.08182385566968219,0.16403952500175312,0.18874821013293042,0.19695128308715654,0.14457228376861675,0.1095363695780898,0.06130463040464593,0.008987462279478524,0.0019190803982657685
538_5_2,0.03849456617399561,0.08049849343586718,0.15429546307027148,0.1874292427570434,0.2072430311501345,0.14515619022360082,0.11670655838705944,0.05773109370989514,0.009226939491730844,0.003218421600401735
381_6_4,0.0420396080322626,0.0818472485220984,0.1638148181494363,0.18866825893120487,0.1973345027737621,0.1444261172027213,0.10977596004290668,0.06115075615299547,0.008987826176877113,0.0019549040157353474
534_8_3,0.04212652865863393,0.08181478160070353,0.16405821296120177,0.18876226951331088,0.1968845912570182,0.14460140285671336,0.1095164930702694,0.06133481503131809,0.008987141317759595,0.00191376373307147
111_11_1,0.04212652609479298,0.0818147907802288,0.1640582213836917,0.18876225849309788,0.19688463850571372,0.14460137616188953,0.10951649629387387,0.0613347842075002,0.0089871410080773,0.0019137670711336628
563_3_2,0.042075400583939736,0.08182950366477265,0.16391607636863917,0.18870244364198183,0.19719537032069487,0.14455073154834608,0.10960399287751345,0.06120466165157089,0.00898575471746917,0.0019360646250721884
287_4_4,0.03284998647631986,0.07732385041911094,0.14295808847817887,0.18742569033424228,0.22002696399173485,0.14674884087170836,0.12306098224723784,0.05567693265995236,0.009355748022399435,0.004572916499115207
212_4_4,0.04206412765583729,0.08184315113460049,0.1639441157341808,0.18866971847953515,0.1971676695068104,0.1444867290658413,0.1096727632421544,0.06122314526101085,0.00898687370432901,0.0019417062157002314
548_6_1,0.042126528661296445,0.08181478166624302,0.1640582130922865,0.18876226946629532,0.19688459152873072,0.14460140260783752,0.10951649309529687,0.061334814808418736,0.008987141319304278,0.0019137637542908149
520_9_3,0.04212632384601248,0.0818150456129578,0.1640580098862696,0.18876186241444942,0.1968861747640527,0.14460010826104588,0.10951739646567435,0.061334020192583244,0.0089871553214971,0.0019139032354576634
620_8_1,0.04212652865863393,0.08181478160070353,0.16405821296120177,0.18876226951331088,0.1968845912570182,0.14460140285671336,0.1095164930702694,0.06133481503131809,0.008987141317759595,0.00191376373307147
808_6_4,0.03543781693452452,0.07881120184541018,0.14845715392549916,0.18862875290055003,0.21533086158818004,0.14671259874185338,0.1176685687561401,0.055967791703138425,0.009143106128674734,0.0038421474760294253
427_3_2,0.042126528658670066,0.08181478160141717,0.16405821296299214,0.18876226951230768,0.19688459125969024,0.1446014028542185,0.109516493070436,0.06133481502923436,0.008987141317753026,0.0019137637332807588
817_2_1,0.042126497093681166,0.08181485790522129,0.16405823617902177,0.18876218363766106,0.19688502673733463,0.14460119560859525,0.10951652210510801,0.06133454902212599,0.008987137844543228,0.0019137938667081076
588_5_3,0.024115096926336697,0.07719849753323378,0.12367748165651041,0.20250772610136722,0.24225309173572016,0.14965206796639857,0.12035352629709385,0.045130942566458776,0.008536384418723857,0.006575184798156321
596_4_3,0.02616118395841963,0.07467715965732716,0.12674440355820624,0.18834629553237472,0.23261726671057906,0.16382673948488427,0.12324063567421983,0.048585024535143975,0.009442613603810804,0.0063586772850347155
810_5_3,0.039511793074210745,0.08139762261228525,0.15825546361090975,0.18770987103902212,0.2051544205977128,0.1429487689023262,0.11429879105365649,0.05868477540961471,0.009108139734202507,0.00293035396605903
749_10_3,0.04212652865863393,0.08181478160070353,0.16405821296120177,0.18876226951331088,0.1968845912570182,0.14460140285671336,0.1095164930702694,0.06133481503131809,0.008987141317759595,0.00191376373307147
397_1_2,0.04212652832940588,0.08181478370824731,0.1640582155583703,0.18876226669996246,0.19688460115533818,0.1446013962120354,0.1095164941325514,0.06133480847261462,0.008987141280650018,0.001913764450824307
613_3_2,0.042126528658634206,0.08181478160070718,0.164058212961213,0.1887622695133052,0.19688459125703028,0.1446014028566976,0.10951649307027186,0.061334815031308235,0.008987141317759705,0.0019137637330726065
573_4_3,0.04198681934252703,0.0818480271965878,0.16358808251281337,0.18841349761534315,0.19749070596063378,0.14428220257961982,0.11020705861475368,0.06120666117143407,0.008996164879333957,0.001980780126952832
196_2_6,0.04212652865863393,0.08181478160070353,0.16405821296120177,0.18876226951331088,0.1968845912570182,0.14460140285671336,0.1095164930702694,0.06133481503131809,0.008987141317759595,0.00191376373307147
164_7_2,0.042126528657779556,0.08181478161252585,0.16405821298677153,0.18876226949167782,0.19688459130434247,0.14460140281389283,0.1095164930795887,0.06133481499845797,0.008987141317836763,0.0019137637371265232
172_5_3,0.03950295757321261,0.0809200199243467,0.15731238564338276,0.18779046837356114,0.20470673725958013,0.1457811622495531,0.11415458086376798,0.058012236983386985,0.009022968876008697,0.0027964822531995662
275_7_4,0.04209010514280479,0.08182480392689931,0.16397343080472238,0.18870641877418282,0.19706534654731053,0.1445570793376193,0.1096200708823793,0.06124665902645655,0.00898705959801636,0.0019290259596084968
418_5_4,0.04094151122070085,0.08159201284407189,0.16022704137100763,0.18813151293869962,0.20201298437327242,0.14361777655769314,0.11219094770680532,0.059884971280396986,0.009009615919658112,0.002391625787693667
91_1_4,0.03513198799179464,0.07971390018327001,0.1501329958989098,0.1876365691760607,0.21630489071896464,0.14533379468555574,0.1173115913313642,0.055326708066306234,0.009120650442689782,0.0039869115050849245
832_8_1,0.04212652865951918,0.0818147816122096,0.1640582129883803,0.1887622695017823,0.19688459130586677,0.14460140281660397,0.10951649306896179,0.06133481499265698,0.008987141317468424,0.001913763736550985
287_3_4,0.024475355546802774,0.0750875330355703,0.1258403565297366,0.1919402833678957,0.23474942454255912,0.14693018144451953,0.13079736359704994,0.05057079033226872,0.010039580412655645,0.009569131190942073
1_3_3,0.042035046688776306,0.08183318950227145,0.16380027049798465,0.18868353713309052,0.19737477137004686,0.14442966369014643,0.10977649496561753,0.061128837184382216,0.008985787679316282,0.0019524012883680461
288_8_4,0.023882156695591895,0.07651786726013073,0.1282498889528872,0.19867515924740245,0.23400891011149835,0.1590299670521929,0.1147622944609773,0.04681471980329909,0.009137887189543599,0.008921149226476601
649_5_2,0.042126236748392706,0.08181532743806369,0.1640577732763649,0.18876188771758817,0.19688785876981513,0.1445991589493291,0.10951753034779348,0.061333052917428986,0.008987162268487114,0.0019140115667371058
744_12_4,0.038746789926241164,0.08058555161080158,0.1547905142139589,0.18701236613686573,0.20784528017640574,0.14451341476711135,0.1160860343643007,0.05812347963209362,0.009090732095419472,0.003205837076801869
773_6_2,0.042126528658710784,0.08181478160277002,0.1640582129658203,0.18876226951085306,0.19688459126421515,0.14460140284950665,0.10951649307070252,0.06133481502600942,0.008987141317767691,0.0019137637336443087
77_3_1,0.04212652865864981,0.08181478160094566,0.16405821296197434,0.18876226951299377,0.1968845912578853,0.14460140285581277,0.10951649307027134,0.061334815030567424,0.008987141317753359,0.0019137637331466178
506_2_3,0.041791307751848944,0.08193856378630093,0.16314669551058192,0.18841923370151262,0.1986041200885893,0.14398475609086872,0.11033025596054453,0.06071654914646537,0.008997645830766765,0.0020708721325211547
474_2_3,0.036979912283319386,0.08035610802525632,0.15323848350957428,0.18743392256654556,0.21214617150452156,0.14479231521724112,0.11599452485624734,0.056379133298007485,0.009064701360999355,0.0036147273782870595
153_4_1,0.04212652865863393,0.08181478160070353,0.16405821296120177,0.18876226951331088,0.1968845912570182,0.14460140285671336,0.1095164930702694,0.06133481503131809,0.008987141317759595,0.00191376373307147
176_7_2,0.0421066816485349,0.08182589148278582,0.16402205873281697,0.18873042625327888,0.1970041659607429,0.14455388245469653,0.1095672153526964,0.06127981848215942,0.008986642965499173,0.001923216666789374
320_5_1,0.04212587673747475,0.08181545846938743,0.1640575602853073,0.18876169305199386,0.19689036809665117,0.14459881379558426,0.10951745652729022,0.06133145441562794,0.008987100698333693,0.001914217922349513
156_3_1,0.042126528658448514,0.08181478161370971,0.16405821298751808,0.18876226950004524,0.19688459130468638,0.14460140281307465,0.10951649307167181,0.06133481499636213,0.008987141317714612,0.001913763736769195
524_7_5,0.023866822160612738,0.07589088652318501,0.12451427699025416,0.19822723631715544,0.2384809534447294,0.15354090421325708,0.12305775529848169,0.045441889369602584,0.009159790558987338,0.007819485123734166
251_8_1,0.04212652865862789,0.08181478160531973,0.1640582129720188,0.1887622695073228,0.19688459127549854,0.1446014028412737,0.10951649307081572,0.06133481501697719,0.00898714131767022,0.001913763734475907
429_1_1,0.04212652865863393,0.08181478160070353,0.16405821296120177,0.18876226951331088,0.1968845912570182,0.14460140285671336,0.1095164930702694,0.06133481503131809,0.008987141317759595,0.00191376373307147
601_12_4,0.041883415895481814,0.08188871227266017,0.16343507342295613,0.18842282955311482,0.19809163663263638,0.14432460229358718,0.11005378059318244,0.060899594374040036,0.008983935776888406,0.002016419185452051
384_12_5,0.03513198799179464,0.07971390018327001,0.1501329958989098,0.1876365691760607,0.21630489071896464,0.14533379468555574,0.1173115913313642,0.055326708066306234,0.009120650442689782,0.0039869115050849245
59_1_1,0.04212652865885709,0.08181478160251507,0.16405821296601852,0.18876226951184283,0.19688459126369448,0.14460140284956338,0.10951649307022605,0.06133481502591297,0.008987141317774446,0.0019137637335949883
82_8_2,0.04212652865863495,0.08181478160071468,0.16405821296123277,0.1887622695132963,0.1968845912570564,0.14460140285666676,0.10951649307027761,0.06133481503128595,0.008987141317759677,0.0019137637330747768
89_7_4,0.022992859168570735,0.07594903002902856,0.1257212011139893,0.19742413216875618,0.23530991112284502,0.15218998005677944,0.12293432048187126,0.04877561904775395,0.009544177346569574,0.009158769463835861
287_4_3,0.04212652439706424,0.0818147897232028,0.1640582091941635,0.18876225207685024,0.19688463124674316,0.1446013706022294,0.10951651929057457,0.061334793871219505,0.008987141911401153,0.0019137676865516673
409_8_1,0.04212652861480536,0.08181478201449606,0.16405821363046033,0.18876226912334684,0.19688459291998672,0.1446014013926523,0.10951649323348592,0.06133481388229232,0.008987141322665513,0.001913763865808603
182_4_4,0.03972628390667769,0.08166945513152335,0.15780666463854048,0.1875899260594456,0.2059620797308401,0.142449169388651,0.11409584036979169,0.058661058413679405,0.00908302109863005,0.0029565012622205684
623_3_3,0.041874463238965966,0.0818488768584811,0.16337416388082618,0.18849718787863962,0.19794556058866722,0.144300912760851,0.110211340345815,0.060933055627147036,0.008998547799091441,0.002015891021515762
444_3_3,0.042116047939685174,0.08182217418341668,0.16404101569772656,0.18874452362859073,0.19695157788355352,0.14457240739339997,0.10954321434885433,0.06130313685228316,0.008986825475058868,0.0019190765974309368
67_1_4,0.023951421933756326,0.07534740559261684,0.12744699982362115,0.19783163637628084,0.23467142861002366,0.15283553693219204,0.12272541476294961,0.048088523169571844,0.009550315644918603,0.007551317154069201
623_1_4,0.03953761350268151,0.08106630528673245,0.15750331475361995,0.18797921069463128,0.20430428947156257,0.14434838802953487,0.11477151194557528,0.05851355153301047,0.009127384018290559,0.002848430764360922
592_4_3,0.021167520160878365,0.07141804846315314,0.13110552643553497,0.20945796169018552,0.22918472609164764,0.168509666214937,0.10960852398005608,0.04295809549308271,0.008698242684740431,0.007891688785784024
156_1_2,0.029444437201686036,0.07675009909597656,0.14196883514900493,0.1871536258229689,0.22620352302719998,0.1502719719863268,0.12110815020951657,0.05279042761019793,0.00927547921041834,0.00503345068670417
395_5_1,0.042126528659650456,0.08181478161270243,0.1640582129897042,0.18876226950426683,0.1968845913028911,0.14460140281025513,0.10951649307056556,0.061334814995486084,0.008987141317858867,0.001913763736619288
564_8_3,0.042117176762075346,0.0818225425145883,0.16403434242426085,0.18874822631366403,0.19694718038764245,0.14456422326029128,0.10955106307317009,0.061308515352897254,0.008987677596801979,0.0019190523146085056
387_3_4,0.039511793074210745,0.08139762261228525,0.15825546361090975,0.18770987103902212,0.2051544205977128,0.1429487689023262,0.11429879105365649,0.05868477540961471,0.009108139734202507,0.00293035396605903
685_12_2,0.04212652849728424,0.08181478199939948,0.1640582135439037,0.1887622687043118,0.19688459291923036,0.14460140119738765,0.10951649386589828,0.06133481404695102,0.008987141331874542,0.0019137638937589765
119_4_3,0.026523729068327003,0.07552585685888519,0.12755910967903403,0.19465161451224977,0.23720413693703543,0.15079641205554992,0.12479137350642702,0.047548048594912906,0.009410956392088525,0.0059887623954907755
774_3_6,0.03841795609889669,0.08088220877904183,0.1558974655869862,0.1874091231331773,0.20861042080708792,0.14446052168538584,0.11473793455025623,0.05733572172023733,0.00902404897615444,0.0032245986627761217
367_4_2,0.04212651594933289,0.08181481642609362,0.16405822099225004,0.18876221715230856,0.19688479972805012,0.14460130123294662,0.1095165342381467,0.0613346746327958,0.008987140983529589,0.001913778664546209
463_6_4,0.04137528670291294,0.0815215561268791,0.15402819960146197,0.18971346890403387,0.1993799422437896,0.1461663841509385,0.11583071976103287,0.06029889745496219,0.009141183665009617,0.0025443613889798377
240_4_1,0.042126528658633935,0.08181478160070353,0.16405821296120182,0.18876226951331085,0.19688459125701824,0.1446014028567133,0.10951649307026941,0.06133481503131805,0.008987141317759599,0.0019137637330714728
88_2_2,0.029444437201686036,0.07675009909597656,0.14196883514900493,0.1871536258229689,0.22620352302719998,0.1502719719863268,0.12110815020951657,0.05279042761019793,0.00927547921041834,0.00503345068670417
392_3_6,0.03873548711982959,0.08079658426710784,0.15503305622088617,0.1876576155237829,0.20681098117276506,0.1447592616317834,0.11602110500182325,0.05781367097348193,0.009199798239393948,0.003172439849146041
482_8_2,0.04212652844232617,0.08181478255977556,0.16405821415342886,0.18876226796443504,0.19688459551134932,0.14460139994169344,0.1095164937627801,0.0613348122951587,0.008987141307915334,0.0019137640611372592
553_2_2,0.042126528654894,0.08181478167592152,0.16405821309900542,0.18876226941138563,0.19688459157263938,0.14460140260839593,0.10951649309795945,0.06133481480630683,0.008987141316784662,0.0019137637567070039
456_10_6,0.026193522683375745,0.07653757236732879,0.1343619814294521,0.18679059669295528,0.2342122360589445,0.1404651052168336,0.1311845312232188,0.05140294237593241,0.010008719470772523,0.008842792481185857
97_4_1,0.04212652865863393,0.08181478160070353,0.16405821296120177,0.18876226951331088,0.1968845912570182,0.14460140285671336,0.1095164930702694,0.06133481503131809,0.008987141317759595,0.00191376373307147
513_2_3,0.04197881381663842,0.08185721976329507,0.16363619075711291,0.18855876467772384,0.19757976892100762,0.14440086412088976,0.1099457018078926,0.06106897619519492,0.008995002609239681,0.0019786973310051076
714_5_2,0.042126528658633956,0.08181478160070395,0.16405821296120324,0.1887622695133102,0.19688459125701951,0.14460140285671158,0.10951649307026957,0.061334815031317,0.008987141317759597,0.001913763733071592
626_7_2,0.04212652865863393,0.08181478160070353,0.16405821296120177,0.18876226951331088,0.1968845912570182,0.14460140285671336,0.1095164930702694,0.06133481503131809,0.008987141317759595,0.00191376373307147
476_5_2,0.042126528647906225,0.0818147816767399,0.16405821308994456,0.18876226939066215,0.1968845915677354,0.14460140261592463,0.10951649311684761,0.061334814819394755,0.008987141317196298,0.0019137637576484043
289_6_2,0.042126528656758346,0.08181478162975674,0.16405821301017534,0.18876226947973715,0.19688459137736966,0.1446014027430768,0.10951649309858408,0.0613348149441326,0.008987141317844225,0.0019137637425641705
39_3_3,0.04212555019406363,0.08181542729464393,0.1640568079081388,0.18876070908021766,0.1968906487845502,0.14459772679011418,0.10951981622595014,0.06133191160382568,0.008987138822402298,0.0019142632960933033
554_1_2,0.04212652810774776,0.08181478373597893,0.16405821527424794,0.1887622660544224,0.19688460102175356,0.14460139645665426,0.10951649470118562,0.06133480887458018,0.008987141293378336,0.0019137644800519306
400_5_3,0.03782650563883158,0.07985911666738686,0.15152988601913875,0.1887727409867951,0.211900117428033,0.1456226707000288,0.1161063534005095,0.05595110888898314,0.009037518675334416,0.0033939815949589214
56_2_3,0.03569266620861207,0.07875472131166268,0.1467657697582926,0.19001562836790573,0.21791576317647382,0.14474961723366958,0.11815777453119931,0.05514477389603902,0.009007219333655883,0.0037960661824891335
69_9_3,0.03296997017790351,0.07789513427905463,0.14492493649852728,0.18732277977225556,0.21817248609121956,0.15158424073443974,0.11989273509144115,0.053733275494564706,0.009234199497442237,0.0042702423631512205
688_12_2,0.042126528658633915,0.08181478160070352,0.16405821296120174,0.1887622695133108,0.19688459125701815,0.1446014028567133,0.10951649307026938,0.061334815031318074,0.008987141317759594,0.0019137637330714696
742_11_2,0.04212652865863392,0.08181478160070355,0.1640582129612019,0.18876226951331077,0.19688459125701832,0.14460140285671316,0.10951649307026941,0.06133481503131798,0.008987141317759594,0.0019137637330714813
585_9_2,0.042126528658621036,0.08181478160143701,0.1640582129629661,0.1887622695122288,0.19688459125950636,0.14460140285397619,0.10951649307069307,0.06133481502950345,0.008987141317775619,0.0019137637332922457
172_1_1,0.04212650910434843,0.08181483588105358,0.16405823265165337,0.18876220972511842,0.1968849926090497,0.14460120294888149,0.10951655190912415,0.06133453162897225,0.008987140703235016,0.0019137928385637084
373_5_2,0.04212652865864427,0.08181478160095441,0.16405821296179937,0.1887622695130004,0.1968845912579333,0.14460140285569534,0.10951649307047304,0.061334815030590864,0.00898714131776114,0.00191376373314785
303_7_3,0.041944431891742504,0.0818184924057685,0.16359535608911074,0.18858765831304175,0.1976284797758341,0.14443782232639607,0.11000245787923887,0.06102073570686879,0.008986913953605355,0.0019776516583932457
461_6_2,0.042126236748392706,0.08181532743806369,0.1640577732763649,0.18876188771758817,0.19688785876981513,0.1445991589493291,0.10951753034779348,0.061333052917428986,0.008987162268487114,0.0019140115667371058
110_3_3,0.042033258259029906,0.08185383908432244,0.16380768514103874,0.1884878595420445,0.19726565853909514,0.14437385820581894,0.10994590501243906,0.06127716877446743,0.008995214829174173,0.001959552612569637
611_5_1,0.042126528658634636,0.08181478160070724,0.1640582129612134,0.18876226951330805,0.19688459125702998,0.1446014028566964,0.10951649307027096,0.06133481503130743,0.008987141317759668,0.0019137637330725
485_8_4,0.04127836462638671,0.08170635368832264,0.16190023339734147,0.18832872412778703,0.1999028974818534,0.1439095248944152,0.11143769832322392,0.060280362512666635,0.00902310899804804,0.0022327319499551414
193_3_1,0.04212652865863393,0.08181478160070353,0.16405821296120177,0.18876226951331088,0.1968845912570182,0.14460140285671336,0.1095164930702694,0.06133481503131809,0.008987141317759595,0.00191376373307147
721_7_1,0.04212652865863393,0.08181478160070353,0.16405821296120177,0.18876226951331088,0.1968845912570182,0.14460140285671336,0.1095164930702694,0.06133481503131809,0.008987141317759595,0.00191376373307147
588_10_3,0.04160039178223064,0.08191224570965817,0.16260968548190877,0.188253366772604,0.19954392989669748,0.14409900368315484,0.11055014474544071,0.060317236205027144,0.008975440783604117,0.0021385549396743175
82_1_2,0.04212652865864427,0.08181478160095441,0.16405821296179937,0.1887622695130004,0.1968845912579333,0.14460140285569534,0.10951649307047304,0.061334815030590864,0.00898714131776114,0.00191376373314785
760_8_1,0.04212652865864633,0.08181478160078744,0.16405821296146672,0.1887622695132416,0.196884591257313,0.1446014028563441,0.10951649307029883,0.061334815031046576,0.008987141317758324,0.0019137637330972877
428_3_4,0.02361586325433662,0.07565514376476583,0.12420042099159675,0.1923825015421441,0.2286716385703207,0.15519902004751063,0.1327131712996218,0.04764710289125062,0.01003908997434203,0.009876047664110977
358_4_5,0.03968735046251894,0.0815446403678961,0.15819741577994165,0.18744621194939995,0.2051708192336399,0.14314150729170183,0.11407183483502543,0.05870834944539214,0.009114011472582381,0.0029178591619019646
347_4_4,0.028858022480634536,0.07731356839488734,0.13955315741480775,0.18643154290953073,0.23026336435242495,0.15093224880363607,0.12006389182064235,0.05163376418065181,0.009328593893483794,0.005621845749299971
416_4_5,0.029101223256183213,0.07528397972919616,0.1358466202222277,0.19154202052437125,0.22973812856858256,0.15307701929048406,0.12111270380507864,0.05048626827893888,0.00912532725643027,0.004686709068507226
479_2_4,0.04212560195468918,0.0818154790098744,0.16405647797350242,0.1887589633311524,0.19688904171076171,0.14459781309240183,0.1095216663674987,0.06133342880437091,0.008987223433482966,0.0019143043222654744
106_5_2,0.04212652858518469,0.08181478203800793,0.16405821358647044,0.18876226890431744,0.1968845929715903,0.14460140133537924,0.1095164934305308,0.06133481394278906,0.008987141328243058,0.001913763877487515
408_3_2,0.04212652865863463,0.08181478160071469,0.16405821296123682,0.1887622695132901,0.19688459125705668,0.14460140285666964,0.10951649307027533,0.06133481503128741,0.008987141317759673,0.0019137637330749818
112_2_1,0.042126528658663336,0.08181478160136056,0.16405821296320353,0.18876226951246594,0.19688459125941082,0.14460140285430287,0.10951649307028978,0.06133481502928315,0.008987141317742184,0.0019137637332773507
221_1_4,0.037830963774001726,0.08018029461935353,0.15728935471170885,0.18571736352906418,0.20358988082508844,0.143395849814735,0.11907217225718657,0.06041713100915987,0.009141057545921915,0.0033659319137794414
672_8_1,0.04142828285814017,0.08165006682433766,0.1619028883951001,0.18888778469756673,0.20003730913486445,0.1446981321007904,0.11019129759093406,0.06003171903142753,0.009005106815557117,0.0021674125512820787
308_3_2,0.04212652810774776,0.08181478373597893,0.16405821527424794,0.1887622660544224,0.19688460102175356,0.14460139645665426,0.10951649470118562,0.06133480887458018,0.008987141293378336,0.0019137644800519306
