psu_hh_idcode,subjective_poverty1,subjective_poverty2,subjective_poverty3,subjective_poverty4,subjective_poverty5,subjective_poverty6,subjective_poverty7,subjective_poverty8,subjective_poverty9,subjective_poverty10
785_6_1,0.04212785474434554,0.08181410068130139,0.16404457567239342,0.18875863654832503,0.19688466303681915,0.144599093398882,0.109528745919189,0.061338376569165375,0.008987629419663273,0.0019163240099156593
783_8_3,0.04023571130741507,0.08157497587382886,0.1597818464089023,0.18729757281106657,0.20317693155851385,0.1436998692526413,0.11341496293836549,0.059175926954697554,0.009006192996298642,0.0026360098982702073
561_5_1,0.04212786189680281,0.08181408123194876,0.1640445622381979,0.18875865591427288,0.19688456739725552,0.14459914999297396,0.10952873094006475,0.06133844337561827,0.008987630006394336,0.0019163170064707752
285_8_2,0.04212779849373811,0.08181423976543062,0.16404457805844544,0.18875844462842137,0.19688549815996398,0.1445986834920361,0.10952885794269039,0.06133789225032179,0.008987625252800434,0.0019163819561519584
50_8_3,0.042127861904290326,0.0818140811210942,0.1640445620588446,0.1887586560120943,0.19688456680372757,0.14459915039405205,0.10952873091854606,0.06133844381164165,0.008987630010073489,0.001916316965636419
374_8_1,0.04212786191228145,0.08181408109120503,0.1640445620078276,0.18875865607052514,0.19688456669406396,0.14459915050955316,0.10952873087208949,0.0613384438784364,0.008987630009095646,0.0019163169549219284
782_8_5,0.032719497014062786,0.07876926096076231,0.14748409203857138,0.18655176321085756,0.220677771097901,0.14762276562028537,0.11834520009516637,0.054132316064836074,0.009191853384353263,0.004505480513204155
363_5_3,0.030360991300222625,0.07646022257736444,0.14135513054550597,0.1895656044423947,0.22389868037336888,0.1505657724991141,0.120132230096264,0.05384860264119467,0.009250212038208076,0.0045625534863625175
770_6_5,0.02826239651667035,0.07680579102739392,0.13978638834559315,0.18787996374676222,0.22975615261182,0.15048442682680233,0.12053389184782945,0.051666659024528556,0.00928847109001491,0.005535858962585018
383_8_4,0.041438105091521245,0.08186120645431258,0.16159756448175464,0.18850909265284582,0.20058385993855848,0.14345233517198136,0.11130520532543985,0.060010379914658525,0.009011515102342483,0.0022307358665851177
133_3_2,0.04212785971986491,0.08181409088802032,0.16404457072609624,0.18875864323934255,0.19688461566316148,0.14459912028650035,0.1095287366091822,0.061338412603086784,0.008987629801857125,0.001916320462888551
710_9_1,0.04155328927120353,0.08179823841979106,0.1626282201650462,0.18858958881804497,0.19930591347076382,0.14454701850516444,0.11019314219590276,0.06029087139062286,0.008981438387272913,0.0021122793761876747
702_11_5,0.03698180996691974,0.08035922236049702,0.15321144586557725,0.18744806010262474,0.21214667046317065,0.1447669962341383,0.11601426343212938,0.0563855256930961,0.009066148313114612,0.0036198575687326926
382_2_3,0.040538767483527006,0.08133856039473332,0.15910982386457573,0.18831807321115349,0.20334406111290243,0.14436995381195145,0.11273321013868219,0.058751080252327156,0.008985999265550175,0.0025104704645971224
462_6_5,0.027458545341218304,0.07492454171639111,0.1314363793205241,0.19077704131718434,0.23548263187334267,0.15139788690176909,0.12204957610663494,0.05200176782305634,0.008907400505205406,0.005564229094673351
99_2_4,0.04067316941117043,0.08141758527108278,0.16120161832582777,0.18869639531325408,0.20077995402974605,0.14476445529490256,0.11163424888595865,0.05947590019093193,0.009018550708315833,0.002338122568810517
639_3_5,0.035884719934839764,0.07913002767960843,0.14825032369737015,0.18814382352534922,0.2155158663691494,0.1468860188541817,0.11716221365730943,0.05600649582965549,0.0091594648549601,0.0038610455975761244
321_1_1,0.04212786176647273,0.0818140818245057,0.16404456276947338,0.18875865492008384,0.19688457054934538,0.14459914827419135,0.10952873152089558,0.06133844111505701,0.008987630004908828,0.0019163172550665103
159_7_2,0.042127861912275494,0.08181408109117104,0.1640445620077274,0.1887586560705556,0.19688456669394813,0.14459915050968083,0.10952873087209822,0.0613384438785342,0.008987630009095884,0.0019163169549130414
833_5_3,0.04212697215580097,0.08181488525557912,0.16403660135543227,0.18875689329686282,0.19688999877660768,0.1445977063380374,0.10953639400233883,0.06133574746644581,0.008987774584269925,0.0019170267686253247
429_7_1,0.04212786191227544,0.08181408109117068,0.16404456200772569,0.18875865607055625,0.19688456669394672,0.14459915050968256,0.10952873087209809,0.061338443878535404,0.008987630009095875,0.0019163169549129041
324_1_2,0.04212786191225912,0.08181408109181154,0.16404456200923712,0.18875865606952216,0.1968845666964891,0.14459915050725894,0.10952873087258211,0.06133844387661711,0.00898763000909861,0.0019163169551245267
79_5_5,0.041315086923754255,0.08194670365360114,0.16147581093676291,0.18681529036759517,0.19984149978827642,0.14315968926248956,0.11296251915109334,0.061109305942479125,0.00905972680995805,0.002314367163989957
696_7_2,0.04212290929983004,0.08181906338292243,0.1640338491753753,0.1887567792721492,0.1969198769612157,0.14457803792624177,0.10954377014176397,0.06131880565557242,0.008987862566658615,0.0019190456182704432
99_7_4,0.039513095324162514,0.08139999218425283,0.1582335737639485,0.18771894558433871,0.2051547228274272,0.14293040187479553,0.11431703651509413,0.0586887522591634,0.009109175842915422,0.0029343038239022625
669_6_4,0.02826239651667038,0.07680579102739792,0.13978638834559196,0.18787996374676078,0.22975615261181168,0.1504844268268091,0.12053389184782927,0.051666659024527946,0.009288471090015224,0.005535858962585402
461_8_5,0.04212786191227544,0.08181408109117068,0.16404456200772569,0.18875865607055625,0.19688456669394672,0.14459915050968256,0.10952873087209809,0.061338443878535404,0.008987630009095875,0.0019163169549129041
551_1_4,0.024613519745098438,0.07489304127726068,0.1292961130921382,0.19911139315890428,0.23350524391125532,0.16156062572399785,0.11488900513196278,0.04599892178948822,0.009134131581967957,0.0069980045879264145
35_4_1,0.04212786001233236,0.08181408808185371,0.16404454905904975,0.18875864755308305,0.19688460303555716,0.14459913632995114,0.1095287469034876,0.06133841888168399,0.00898763005976563,0.0019163200832357954
795_1_4,0.03800892447224252,0.08057848141539808,0.1497793327656149,0.1824276671063324,0.20919626879324943,0.1420392889496374,0.12424637716022276,0.060289117894769206,0.009383360694663393,0.004051180747870101
648_7_4,0.02573469667824199,0.07507986398688613,0.12859611605230437,0.1847433528055996,0.23947601587550818,0.1581416994873336,0.12182898060477018,0.04882223491368564,0.009504385998798154,0.008072653596872833
781_7_6,0.04188315013761915,0.08186105741421214,0.16282861917884248,0.188408481826577,0.19772532400121598,0.1442463180786449,0.1109025044304329,0.0610879568901594,0.00901512722377961,0.002041460818516238
815_2_2,0.042037135578499245,0.0817623499105557,0.1625577616714252,0.18875549184001447,0.19732563196768785,0.14507282174923558,0.11037948543124503,0.06112932893933808,0.008999220206646829,0.0019807727053519366
224_8_3,0.036981809966920014,0.08035922236049829,0.1532114458655725,0.18744806010262927,0.21214667046316638,0.14476699623413983,0.1160142634321299,0.0563855256930963,0.009066148313114664,0.003619857568732803
180_7_2,0.04212785658822818,0.08181410145224137,0.1640445764760885,0.1887586293600652,0.19688467222112968,0.14459908842228109,0.1095287437449818,0.06133837773164973,0.008987629541185153,0.0019163244621496784
613_2_3,0.041570751553863854,0.08194193359554804,0.1625123840559963,0.18813273131401204,0.19942562611231668,0.143772574386827,0.11088579017137114,0.06058046991906963,0.009010796798160678,0.0021669420928343364
108_8_2,0.03251451232271138,0.07835334377522554,0.1451743814257969,0.18765859785850203,0.22194896011791942,0.1469323531112208,0.11972334507473437,0.054056292987430754,0.009232881607910628,0.004405331718547782
83_7_4,0.02439758994532625,0.07505945916675606,0.12759981936534256,0.20033107272028394,0.23622941647531703,0.1577885399730242,0.12025676361188063,0.04294546297364384,0.008964125450429574,0.006427750317995884
779_7_1,0.04212786191227544,0.08181408109117068,0.16404456200772569,0.18875865607055625,0.19688456669394672,0.14459915050968256,0.10952873087209809,0.061338443878535404,0.008987630009095875,0.0019163169549129041
205_7_3,0.04206631563872348,0.08184995663949055,0.16391893648966932,0.18867400685955504,0.19719114777048385,0.14446500325291864,0.1096801231100657,0.06122255476976667,0.008988453174837568,0.0019435022944894428
391_8_2,0.042127861912315025,0.08181408109195142,0.1640445620095605,0.18875865606963105,0.19688456669661208,0.14459915050692784,0.10952873087224252,0.06133844387653361,0.008987630009098524,0.0019163169551271995
600_7_1,0.042127861912277104,0.0818140810929229,0.1640445620118261,0.18875865606892664,0.1968845666997066,0.14459915050313937,0.10952873087338572,0.06133844387323928,0.008987630009147039,0.0019163169554296952
699_12_2,0.04212784567282003,0.08181412575369508,0.1640445814724788,0.18875859596676964,0.19688477392529116,0.14459900276080176,0.10952878152378195,0.06133832787879639,0.008987631168263411,0.001916333877301624
106_1_2,0.04212786191227546,0.0818140810911707,0.1640445620077258,0.18875865607055628,0.1968845666939468,0.14459915050968258,0.10952873087209812,0.06133844387853538,0.00898763000909588,0.0019163169549129076
570_2_3,0.04189482740819127,0.0818662737609777,0.16327119017154038,0.1884645737648993,0.19805117860209762,0.14409589660925493,0.1103643416059499,0.060966386986003755,0.009002031394045082,0.002023299697039396
111_9_4,0.04176413782042413,0.08191325108512718,0.16295286550560417,0.18780554459532833,0.19827241590939595,0.14386389619975204,0.11112825774083633,0.06118910986625489,0.009018920370299055,0.002091600906977801
644_2_7,0.02419990747082425,0.07584790425010463,0.12253900775411895,0.18402243829460585,0.2341450892418456,0.15104128199231445,0.13034689117717696,0.050900652815612006,0.010223099842425962,0.016733727160971747
220_7_1,0.04212786191233046,0.08181408109302128,0.16404456201231107,0.18875865606861691,0.196884566700507,0.14459915050269093,0.10952873087251165,0.061338443873436135,0.008987630009116229,0.0019163169554588938
685_7_2,0.04212786191225354,0.08181408109187896,0.1640445620096587,0.18875865606941414,0.19688456669640536,0.14459915050715214,0.10952873087241125,0.06133844387660056,0.008987630009088058,0.0019163169551376334
313_7_3,0.03719248834295,0.07962406691751053,0.15189633009438067,0.18821738418014647,0.2114535368692858,0.14580443821545586,0.11633876130661354,0.05688742524651051,0.009087798113466229,0.0034977707136802792
449_10_3,0.03708922010375723,0.07978178465795525,0.15181512305031777,0.18793235409531125,0.21022701224540938,0.1475025251861543,0.11695140176552246,0.05612180571982251,0.009100383704270543,0.003478389471479277
529_11_2,0.042127854205847144,0.08181410176192323,0.16404457343661077,0.18875862252742254,0.1968846709912285,0.14459909107298644,0.10952874960671388,0.061338381947146796,0.008987629676292129,0.001916324773829019
807_1_4,0.028512859339381243,0.07554049333213217,0.13689518222845587,0.1902228800042292,0.22814485139419166,0.15273095807787251,0.12086588358087834,0.05275594168125221,0.009304576869825195,0.005026373491781481
646_6_1,0.04212786191227595,0.08181408109117412,0.1640445620077373,0.18875865607055234,0.1968845666939585,0.14459915050966718,0.10952873087209918,0.061338443878524954,0.008987630009095941,0.0019163169549139517
51_7_3,0.04203849676354269,0.08183277159184636,0.16374544244575193,0.18869276184239978,0.19736040083296455,0.14444031861627424,0.109812355677962,0.061134924050655785,0.008987030114530796,0.0019554980640723732
110_9_2,0.04212786190279653,0.0818140811207283,0.16404456206447735,0.18875865601164868,0.1968845668079914,0.14459915038502497,0.10952873092485353,0.06133844380621662,0.008987630010062583,0.0019163169662006923
660_9_1,0.04212786191227544,0.08181408109117068,0.16404456200772569,0.18875865607055625,0.19688456669394672,0.14459915050968256,0.10952873087209809,0.061338443878535404,0.008987630009095875,0.0019163169549129041
144_8_4,0.024932224396822834,0.07507848201465783,0.1279515352111399,0.19390430322538915,0.22973016104122773,0.15437316150320085,0.12876733387667483,0.048838396625771,0.009814182085394172,0.006610220019722313
548_5_1,0.042127861912275494,0.08181408109117083,0.16404456200772627,0.18875865607055622,0.19688456669394724,0.14459915050968217,0.10952873087209812,0.06133844387853505,0.008987630009095878,0.0019163169549129405
372_10_4,0.0420366315483958,0.08183754829787412,0.16378240298312216,0.18851263777468769,0.19725380685517868,0.1444489103634104,0.10993872791032745,0.061239572318103036,0.008992374868612514,0.001957387080288405
98_8_2,0.04212786191227544,0.08181408109117067,0.16404456200772566,0.18875865607055625,0.19688456669394672,0.14459915050968256,0.10952873087209809,0.061338443878535404,0.008987630009095875,0.0019163169549129043
326_6_5,0.02369276343308295,0.07688082682164395,0.12596811628935572,0.1957390363659695,0.23656182316826416,0.15208704845239446,0.12154354532409617,0.04882757905964506,0.009545709569517965,0.009153551516029756
74_8_3,0.04090707911555501,0.08190552879759565,0.16071768591162633,0.18777524213763036,0.20192746158376595,0.14323651235085966,0.1121977417279149,0.05984153942207005,0.009042075390534999,0.0024491335624466024
256_11_4,0.035884719934839646,0.07913002767960943,0.14825032369737384,0.18814382352535297,0.2155158663691498,0.14688601885417685,0.11716221365730706,0.05600649582965436,0.009159464854959965,0.003861045597576025
815_8_2,0.041988928629525385,0.08187294362483606,0.1636697952051537,0.1886337333800086,0.1976684500511586,0.14437854432678374,0.10978444533110356,0.06103109063184423,0.00899161741001391,0.0019804514095724396
381_7_4,0.042072044715433195,0.08183312507467591,0.1638878507857457,0.18859408206590259,0.1971038081452338,0.1444855075532953,0.1097972407383468,0.06129086645358967,0.008992743575331986,0.001942730892445168
90_1_5,0.02092828526870451,0.07286298316038661,0.13210517998915708,0.20903151937601774,0.22914001577935508,0.16418296570050622,0.1098636649720737,0.04345935721231165,0.008751274389172342,0.009674754152315303
453_11_6,0.03338230323689243,0.07792247606280989,0.14453753216407741,0.18930724083558778,0.21963137078869074,0.14788235081314555,0.11899443722708343,0.05499502417368537,0.009211301329702154,0.004135963368325009
733_4_4,0.026462813883384503,0.07338721709721609,0.12717423517190476,0.193094281984764,0.23726412709589964,0.15910057310070627,0.12116959141889223,0.04751914311644931,0.009100103709416638,0.005727913421366251
766_8_1,0.04212786191227564,0.08181408109117193,0.1640445620077305,0.1887586560705547,0.1968845666939508,0.1445991505096779,0.10952873087209805,0.06133844387853168,0.008987630009095861,0.0019163169549132714
513_7_5,0.04159037868297804,0.08184253897989527,0.16234910932956625,0.18839360158441865,0.19928368871436505,0.1439823282559925,0.11092330443380297,0.060489928262990066,0.008995291299678163,0.0021498304563129173
147_9_5,0.021589889594588865,0.07365842974845926,0.13316134936275864,0.2013455134949622,0.22675591478543441,0.16382269265277893,0.11290827345909384,0.04446754323674287,0.008949518677172294,0.01334087498800915
388_3_2,0.042127861911356985,0.08181408112224461,0.16404456206867263,0.1887586560289253,0.19688456682074734,0.14459915040579516,0.10952873088259532,0.061338443786446845,0.008987630008704128,0.001916316964511306
534_5_2,0.04212786191227545,0.0818140810911707,0.16404456200772577,0.18875865607055628,0.19688456669394683,0.14459915050968258,0.10952873087209813,0.0613384438785354,0.008987630009095878,0.0019163169549129067
134_5_2,0.04206874734989273,0.08183717529124492,0.16393187605133663,0.18867569071232854,0.19719775438729817,0.1444733127937412,0.10968004863364036,0.061204691483617436,0.008987412562227801,0.001943290734672402
479_7_1,0.04212786178226316,0.08181408204260693,0.16404456338798507,0.1887586552216892,0.19688457059161935,0.1445991471792125,0.1095287312749022,0.06133844123527716,0.008987630019604618,0.0019163172648393764
19_6_2,0.042122687534363455,0.08181771338867565,0.1640221708773484,0.1887529725099225,0.19691590752702484,0.14458111388969433,0.10955612040001755,0.06132379123533474,0.008988104374599822,0.0019194182630186518
410_11_1,0.04212786191227544,0.08181408109117068,0.16404456200772569,0.18875865607055625,0.19688456669394672,0.14459915050968256,0.10952873087209809,0.061338443878535404,0.008987630009095875,0.0019163169549129041
691_8_2,0.04209694079856847,0.08183201326860264,0.1639726290339334,0.18871419801201952,0.19708872086905363,0.1445578247587298,0.1095753582516855,0.06124519033836795,0.008986371187037557,0.0019307534820013372
526_5_7,0.027478924743805713,0.07669830262976589,0.13545444596699063,0.18625166332822463,0.234575163159421,0.1529610891734288,0.12033732461527114,0.05031907867629618,0.009386520237377358,0.0065374874694182706
812_9_1,0.04212786191227562,0.08181408109117205,0.16404456200773024,0.188758656070555,0.19688456669395063,0.14459915050967737,0.10952873087209843,0.061338443878531795,0.008987630009095906,0.001916316954913259
713_10_2,0.04211862383054277,0.08182321712768724,0.1640258089228906,0.1887448008283643,0.19695126749823383,0.14456980364048636,0.10954863577226097,0.06130824503216824,0.008987950652480437,0.0019216466948851713
538_5_2,0.038497147955422424,0.08050158673703849,0.15427377608571313,0.18743811613756614,0.207239540758134,0.14512986018625348,0.11672935215818081,0.05773931904635698,0.009228336726239125,0.0032229642090953665
381_6_4,0.04204090892599743,0.08184681299682159,0.16380070170097621,0.18866545707416402,0.19733465006032047,0.14442276912314211,0.1097885105997073,0.06115434167522003,0.0089883080631335,0.0019575397805176955
534_8_3,0.04212786191227544,0.08181408109117068,0.16404456200772569,0.18875865607055625,0.19688456669394672,0.14459915050968256,0.10952873087209809,0.061338443878535404,0.008987630009095875,0.0019163169549129041
111_11_1,0.0421278593220467,0.08181409033740474,0.16404457039541226,0.18875864528743364,0.19688461398327217,0.1445991236028839,0.10952873408010305,0.06133841299543532,0.00898762969238647,0.001916320303622493
563_3_2,0.0420767341906436,0.08182908994576844,0.16390210825088417,0.1886996293697157,0.19719531944978574,0.14454749656362056,0.10961638061303834,0.06120832721125759,0.008986241304529926,0.0019386731007556156
287_4_4,0.0328516141880521,0.07732607817628771,0.1429324568713735,0.1874384923520448,0.22002333555003883,0.14672014445285736,0.12308398748358354,0.055685598253201005,0.009357793878956142,0.004580498793604575
212_4_4,0.04206540555738228,0.08184261784925285,0.16393011548199982,0.188666763818158,0.19716773226028494,0.14448385760581295,0.10968510447901159,0.06122672703347647,0.008987360249838108,0.001944315664783256
548_6_1,0.04212786191470282,0.08181408115711969,0.1640445621386831,0.18875865602517214,0.19688456696592885,0.1445991502592976,0.10952873089712338,0.06133844365517853,0.00898763001059018,0.0019163169762037103
520_9_3,0.04212765642590356,0.08181434648667878,0.16404435785444646,0.18875825412333003,0.19688615140417373,0.14459785047407053,0.10952963489143058,0.06133764766658605,0.008987643885584458,0.001916456787795376
620_8_1,0.04212786191227544,0.08181408109117068,0.16404456200772569,0.18875865607055625,0.19688456669394672,0.14459915050968256,0.10952873087209809,0.061338443878535404,0.008987630009095875,0.0019163169549129041
808_6_4,0.03543926775385534,0.07881516632393613,0.14843071683225706,0.18864354533318653,0.2153316042850804,0.14668399596560164,0.1176899936158993,0.055973480543660886,0.009144724336397873,0.003847505010125569
427_3_2,0.042127861912309696,0.08181408109188733,0.1640445620095148,0.18875865606956593,0.19688456669662321,0.144599150507175,0.10952873087226496,0.06133844387644749,0.008987630009088863,0.0019163169551229258
817_2_1,0.04212783013729305,0.08181415797373089,0.16404458488010445,0.18875857218103606,0.1968850024798561,0.14459894147583396,0.10952875980633432,0.061338177406148386,0.00898762648168813,0.001916347177974971
588_5_3,0.02411804909222768,0.07718689265593179,0.12365181222221877,0.20252800552288078,0.2422570726052896,0.1496258116491473,0.12037741278309964,0.04514091841248284,0.008537987141434925,0.006576037915286826
596_4_3,0.02616840680510011,0.07468335727180296,0.12671832665469104,0.1883670004727993,0.23262239988565794,0.163758933975336,0.12328143653058712,0.048590257952538435,0.009445181580432258,0.006364698871054132
810_5_3,0.03951309532416265,0.08139999218425281,0.15823357376394803,0.18771894558433827,0.20515472282742778,0.1429304018747957,0.11431703651509373,0.05868875225916339,0.009109175842915424,0.0029343038239022694
749_10_3,0.04212786191227544,0.08181408109117068,0.16404456200772569,0.18875865607055625,0.19688456669394672,0.14459915050968256,0.10952873087209809,0.061338443878535404,0.008987630009095875,0.0019163169549129041
397_1_2,0.042127861578727006,0.08181408320833627,0.16404456459812777,0.18875865329474517,0.19688457659973027,0.1445991438255959,0.10952873193653029,0.06133843731234882,0.008987629970871545,0.0019163176749865316
613_3_2,0.04212786191227571,0.08181408109117438,0.1640445620077371,0.1887586560705507,0.19688456669395898,0.14459915050966685,0.1095287308721006,0.061338443878525516,0.008987630009095979,0.0019163169549140497
573_4_3,0.041988133119360026,0.08184728157823623,0.16357390717193632,0.188410292848259,0.1974907222880247,0.14427923679202664,0.11021963655812579,0.06121064092924968,0.008996679822194127,0.0019834688925882
196_2_6,0.04212786191227544,0.08181408109117068,0.16404456200772569,0.18875865607055625,0.19688456669394672,0.14459915050968256,0.10952873087209809,0.061338443878535404,0.008987630009095875,0.0019163169549129041
164_7_2,0.042127861911388016,0.08181408110305224,0.1640445620332623,0.1887586560491564,0.19688456674135207,0.1445991504666285,0.10952873088141403,0.06133844384559934,0.008987630009165467,0.0019163169589812182
172_5_3,0.03950449784055301,0.08092270893032388,0.15729086210785817,0.18779815999288238,0.20470560031124435,0.145763288715174,0.11417227669795421,0.058018238832839526,0.00902402162778002,0.002800344943390214
275_7_4,0.04209141620244817,0.0818242165868793,0.1639595854456284,0.18870321252017844,0.1970653028491105,0.1445543729283244,0.10963240240824394,0.06125032816264226,0.008987549450877782,0.0019316134456673956
418_5_4,0.04094312489797121,0.08159310963976621,0.16020852544192388,0.18813378058522523,0.2020141947927678,0.14360567139399438,0.11220689906089013,0.05988952534885804,0.009010221273981092,0.002394947564622257
91_1_4,0.03513417427537374,0.07971723648816176,0.1501040196117572,0.18765419775425013,0.2163056658774414,0.14530339018920857,0.11733291190607396,0.05533332390034693,0.009122332473419587,0.003992747523967326
832_8_1,0.04212786191312121,0.08181408110274249,0.16404456203487836,0.1887586560593007,0.19688456674286467,0.14459915046933106,0.10952873087077672,0.06133844383978556,0.008987630008794815,0.0019163169584047197
287_3_4,0.02447735091173007,0.0750855090769599,0.12582483879825726,0.19196513691418943,0.2347486065846773,0.14689490271918584,0.13082010538524957,0.0505738429479882,0.010041011480927026,0.00956869518083502
1_3_3,0.042036319485628304,0.08183279972279082,0.1637861746204697,0.18868090929474685,0.19737490246072617,0.1444262665448362,0.10978894320561965,0.061132388365494526,0.008986265413529633,0.001955030886157899
288_8_4,0.02388450827471945,0.07651265508085023,0.12823858724466547,0.1987097186169728,0.23400728643655053,0.15899710244916956,0.11477271672922974,0.04682423872570877,0.009139102944651556,0.00891408349748235
649_5_2,0.042127569086614074,0.08181463073029116,0.1640441202364334,0.18875828616369453,0.19688783595811524,0.14459689266880615,0.1095297696914324,0.06133667928031381,0.008987650717237545,0.0019165654670619016
744_12_4,0.038748696318804635,0.08058675945066757,0.15476759710791332,0.1870161889885068,0.20784496976131048,0.1444959152431552,0.11610585668216004,0.05813166931611495,0.009092004422344705,0.003210342709021974
773_6_2,0.04212786191234713,0.0818140810932449,0.16404456201234024,0.18875865606813136,0.19688456670115487,0.14459915050244265,0.10952873087253208,0.061338443873216304,0.008987630009102845,0.0019163169554877008
77_3_1,0.042127861912290336,0.08181408109141428,0.1640445620084978,0.1887586560702451,0.19688456669481583,0.14459915050877695,0.10952873087209955,0.0613384438777823,0.008987630009089406,0.001916316954988321
506_2_3,0.04179261191655343,0.08193833249239856,0.16313137849623363,0.18841799490737096,0.1986041398767161,0.14397917925314252,0.1103438714680176,0.06072058262861691,0.008998208723540863,0.0020737002374088794
474_2_3,0.03698180996691974,0.08035922236049702,0.15321144586557725,0.18744806010262474,0.21214667046317065,0.1447669962341383,0.11601426343212938,0.0563855256930961,0.009066148313114612,0.0036198575687326926
153_4_1,0.04212786191227544,0.08181408109117068,0.16404456200772569,0.18875865607055625,0.19688456669394672,0.14459915050968256,0.10952873087209809,0.061338443878535404,0.008987630009095875,0.0019163169549129041
176_7_2,0.04210799371877295,0.0818252499800142,0.16400828776587814,0.1887270607426951,0.19700414774210254,0.14455137687882022,0.10957950341485691,0.061283457533391074,0.008987130619617437,0.0019257916038515966
320_5_1,0.04212720776587785,0.08181476619979929,0.16404390274947372,0.1887581063507463,0.19689034600377486,0.1445965378308501,0.10952969419458988,0.061335077684665285,0.008987588770449674,0.0019167724497736551
156_3_1,0.04212786191204756,0.08181408110424952,0.16404456203401227,0.18875865605757472,0.19688456674169688,0.14459915046579416,0.10952873087347771,0.06133844384348237,0.008987630009041106,0.001916316958623216
524_7_5,0.023871460565578283,0.07588773109648905,0.12449422048749535,0.19826201772243382,0.2384884333603594,0.1534983624244858,0.12308150800874461,0.04543468944014589,0.009161667879162848,0.007819909015105046
251_8_1,0.042127861912253144,0.08181408109581592,0.16404456201853237,0.18875865606468284,0.19688456671245969,0.1445991504941424,0.10952873087263469,0.0613384438641545,0.008987630009002353,0.001916316956322247
429_1_1,0.04212786191227544,0.08181408109117068,0.16404456200772569,0.18875865607055625,0.19688456669394672,0.14459915050968256,0.10952873087209809,0.061338443878535404,0.008987630009095875,0.0019163169549129041
601_12_4,0.04188474252312557,0.08188850341576523,0.16342013260321403,0.188421015605561,0.19809172684116946,0.14431999739318402,0.11006666441451991,0.06090358853572874,0.008984458017228974,0.002019170650502319
384_12_5,0.03513417427537378,0.07971723648816181,0.1501040196117629,0.1876541977542472,0.21630566587744118,0.14530339018920632,0.11733291190607167,0.055333323900348626,0.009122332473419535,0.0039927475239673
59_1_1,0.042127861912491765,0.08181408109299183,0.1640445620125395,0.1887586560691291,0.19688456670063448,0.14459915050249678,0.10952873087205318,0.06133844387311553,0.008987630009109314,0.0019163169554382467
82_8_2,0.04212786191227646,0.08181408109118196,0.16404456200775688,0.1887586560705421,0.19688456669398507,0.14459915050963584,0.10952873087210634,0.06133844387850317,0.008987630009095957,0.001916316954916236
89_7_4,0.022994376983409413,0.07594768002691796,0.12570420210500594,0.19745172323679594,0.23531367078575602,0.1521507894342255,0.1229584259553355,0.048774832194037186,0.009546142816048746,0.009158156462467789
287_4_3,0.04212785763388647,0.08181408924748526,0.16404455820463942,0.18875863877374444,0.19688460671627983,0.144599118102467,0.10952875711104468,0.061338422691814186,0.008987630599767944,0.0019163209188710402
409_8_1,0.042127861867050295,0.0818140815075531,0.16404456267591247,0.1887586556903888,0.1968845683590811,0.1445991490370215,0.10952873103474223,0.06133844272646532,0.008987630013711946,0.0019163170880742608
182_4_4,0.03972826883579725,0.08167071384916745,0.15778500214397645,0.18759535973069272,0.20596216476151002,0.14243036568762313,0.11411633377915367,0.058667131305302565,0.009084116870293348,0.0029605430364834534
623_3_3,0.04187570001302307,0.08184876139555891,0.1633594175103113,0.188495887662394,0.19794552668843354,0.14429605485994526,0.110224214791874,0.06093675054597197,0.008999064943918141,0.002018621588570066
444_3_3,0.04211736645859839,0.08182150686358566,0.1640272981278319,0.1887410523061632,0.19695156557153243,0.14457001187278004,0.10955548022972321,0.06130676380358593,0.008987312993906533,0.0019216417722928815
67_1_4,0.023954084867495624,0.07534714998524493,0.12743285070758698,0.19786771602337086,0.23467577674357445,0.15279209632911653,0.12274349333358686,0.04808733668974164,0.009552081314371134,0.007547414005910577
623_1_4,0.03953898180220992,0.08106901873157378,0.15748272460431806,0.1879876813294095,0.20430308660197527,0.14432905448757216,0.11479052068361396,0.05851829330853855,0.00912840244580478,0.002852236004983651
592_4_3,0.02116920942897265,0.07141588497819082,0.13108879883662172,0.20949135011910855,0.2291914413654011,0.16847063121360928,0.10962950316480174,0.0429580719657086,0.008700004473675122,0.007885104453910703
156_1_2,0.029448909835882078,0.0767556539846305,0.14193464244142964,0.18717502244434167,0.22620357645906616,0.1502268317251966,0.12113671060006055,0.0527969415383875,0.00927791076981632,0.005043800201189232
395_5_1,0.04212786191324832,0.08181408110323396,0.1640445620362065,0.18875865606178144,0.1968845667398876,0.14459915046298638,0.10952873087238528,0.06133844384261127,0.008987630009186169,0.00191631695847281
564_8_3,0.04211850067458027,0.08182188268252924,0.16402064126832147,0.18874475015692152,0.19694718513146767,0.14456178909329145,0.10956334345283225,0.06131212566062954,0.00898816499891945,0.0019216168805067239
387_3_4,0.039513095324162535,0.0813999921842526,0.15823357376394936,0.18771894558433969,0.2051547228274269,0.1429304018747951,0.114317036515093,0.05868875225916327,0.009109175842915413,0.0029343038239022542
685_12_2,0.0421278617497781,0.08181408149143822,0.16404456258917963,0.18875865526844332,0.19688456835808635,0.14459914884392613,0.10952873166786098,0.06133844289221409,0.008987630023026192,0.001916317116046772
119_4_3,0.026530783686091748,0.07552760976003646,0.12753708986072818,0.19467941227122174,0.23721189052481256,0.150741225452975,0.12481993842017362,0.04754771792357935,0.009412593692325272,0.005991738408055762
774_3_6,0.03841959602980484,0.08088498319796861,0.15587251599162066,0.18742006377370504,0.20861074831012444,0.14443979849405983,0.11475620720497942,0.05734169957510554,0.00902527552494411,0.0032291118976879927
367_4_2,0.04212784914219823,0.08181411612703508,0.16404456988450922,0.1887586044582132,0.19688477521186512,0.14459904804060372,0.10952877212781324,0.06133830341726664,0.00898762965741811,0.0019163319330773357
463_6_4,0.04137698454340691,0.08152275548185114,0.15401080242825904,0.18971517538412735,0.19938002036006328,0.14615458310966978,0.11584676183613286,0.060303350206406175,0.009141808180995756,0.0025477584690876197
240_4_1,0.042127861912275445,0.0818140810911707,0.16404456200772574,0.1887586560705563,0.1968845666939468,0.14459915050968256,0.1095287308720981,0.06133844387853538,0.008987630009095875,0.0019163169549129041
88_2_2,0.02944890983588271,0.07675565398463173,0.14193464244143408,0.18717502244433873,0.22620357645906777,0.15022683172519408,0.12113671060005854,0.052796941538387376,0.00927791076981617,0.005043800201189086
392_3_6,0.03873780041508353,0.08079947392623886,0.15501131836037063,0.18766594609442414,0.2068091725908099,0.1447341745821553,0.11604357511509988,0.05782078072766853,0.009201078828253254,0.003176679359895286
482_8_2,0.04212786169392691,0.08181408205515558,0.16404456319689964,0.18875865453996077,0.1968845709525599,0.14459914757601888,0.10952873156468083,0.061338441138054985,0.00898762999871343,0.0019163172840288717
553_2_2,0.04212786190835928,0.08181408116671378,0.16404456214533691,0.18875865596996344,0.19688456700991397,0.14459915025999448,0.10952873089983482,0.06133844365317896,0.008987630008076621,0.0019163169786276663
456_10_6,0.026197904557134798,0.07653626224043475,0.13433065604908737,0.18681585629886843,0.23421240658205988,0.14042562140866888,0.13121019103902798,0.05141037576673178,0.010010754558169181,0.008849971499817023
97_4_1,0.04212786191227544,0.08181408109117068,0.16404456200772569,0.18875865607055625,0.19688456669394672,0.14459915050968256,0.10952873087209809,0.061338443878535404,0.008987630009095875,0.0019163169549129041
513_2_3,0.04198013910278498,0.08185687254902835,0.16362182682232546,0.18855646695300943,0.1975797405487318,0.14439681454534795,0.10995847163299415,0.06107277866685601,0.008995517397439028,0.001981371781482425
714_5_2,0.04212786191227549,0.08181408109117115,0.1640445620077272,0.18875865607055567,0.1968845666939481,0.1445991505096809,0.10952873087209831,0.061338443878534335,0.008987630009095894,0.0019163169549130347
626_7_2,0.04212786191227544,0.08181408109117068,0.16404456200772569,0.18875865607055625,0.19688456669394672,0.14459915050968256,0.10952873087209809,0.061338443878535404,0.008987630009095875,0.0019163169549129041
476_5_2,0.042127861901368295,0.08181408116758063,0.1640445621362628,0.18875865594935065,0.19688456700506163,0.1445991502674412,0.10952873091866533,0.06133844366621252,0.00898763000848626,0.0019163169795706403
289_6_2,0.04212786191032601,0.08181408112039008,0.16404456205665363,0.1887586560375957,0.1968845668144754,0.14459915039539034,0.10952873090042589,0.061338443791148375,0.008987630009157822,0.001916316964436978
39_3_3,0.04212688160450823,0.08181473131943376,0.16404315212522286,0.1887571121853619,0.196890628658036,0.14459545636699597,0.10953205649601666,0.06133553640965206,0.008987627104050292,0.0019168177307217478
554_1_2,0.0421278613570151,0.08181408323756065,0.1640445643135788,0.18875865265250827,0.19688457646767846,0.14459914406776894,0.10952873250336011,0.06133843771271545,0.00898762998355301,0.0019163177042612093
400_5_3,0.03782934795280225,0.07986281271220624,0.15150643136711323,0.18878127952042723,0.2119020482482776,0.1455955152087556,0.11612853306310457,0.05595655987578182,0.009038745774166853,0.003398726277364486
56_2_3,0.03569478105926273,0.07875775104612891,0.14674001088763344,0.19003215633521736,0.2179200745598427,0.1447172830328456,0.1181784123204911,0.055150006258690196,0.009008127768040195,0.003801396731848167
69_9_3,0.03297496957680979,0.07789973159694251,0.14489635614669139,0.18733404887513855,0.2181725408565862,0.15154245339522215,0.11992331777964264,0.05374325573561088,0.009236301988820013,0.004277024048536182
688_12_2,0.04212786191227545,0.08181408109117072,0.16404456200772574,0.18875865607055634,0.19688456669394683,0.1445991505096826,0.10952873087209813,0.06133844387853542,0.008987630009095882,0.0019163169549129067
742_11_2,0.04212786191227545,0.08181408109117072,0.16404456200772588,0.18875865607055625,0.19688456669394686,0.14459915050968244,0.10952873087209815,0.06133844387853532,0.008987630009095882,0.0019163169549129202
585_9_2,0.042127861912260395,0.0818140810919075,0.1640445620094888,0.1887586560694879,0.19688456669643975,0.1445991505069322,0.10952873087252175,0.06133844387671603,0.008987630009111482,0.0019163169551344094
172_1_1,0.04212784217029974,0.08181413590200506,0.16404458139131428,0.18875859814411833,0.19688496819959675,0.14459894880184962,0.10952878975343606,0.06133816013667126,0.008987629350751467,0.0019163461499572662
373_5_2,0.042127861912285056,0.08181408109142295,0.16404456200832318,0.18875865607025116,0.19688456669486384,0.1445991505086591,0.10952873087230185,0.06133844387780617,0.008987630009097232,0.0019163169549895516
303_7_3,0.041945730248608676,0.08181816752239512,0.16358075469192487,0.18858551803573353,0.19762843550307316,0.14443406087763316,0.1100150781489704,0.061024497645108845,0.008987420311125493,0.001980337015426655
461_6_2,0.042127569086614074,0.08181463073029116,0.1640441202364334,0.18875828616369453,0.19688783595811524,0.14459689266880615,0.1095297696914324,0.06133667928031381,0.008987650717237545,0.0019165654670619016
110_3_3,0.0420345852393672,0.08185309695823118,0.1637936948305118,0.18848456606290812,0.19726564466748875,0.14437112815875075,0.10995837367067621,0.06128098304372733,0.00899572935389049,0.001962198014448584
611_5_1,0.04212786191227615,0.08181408109117445,0.1640445620077374,0.18875865607055364,0.19688456669395862,0.14459915050966554,0.10952873087209966,0.061338443878524725,0.008987630009095951,0.0019163169549139458
485_8_4,0.041279398134492815,0.08170725991490758,0.16188325495737552,0.18833043671003047,0.1999030727828854,0.1439008291381499,0.11145237834921398,0.0602838350806081,0.009023758041344122,0.002235776890992456
193_3_1,0.04212786191227544,0.08181408109117068,0.16404456200772569,0.18875865607055625,0.19688456669394672,0.14459915050968256,0.10952873087209809,0.061338443878535404,0.008987630009095875,0.0019163169549129041
721_7_1,0.04212786191227544,0.08181408109117068,0.16404456200772569,0.18875865607055625,0.19688456669394672,0.14459915050968256,0.10952873087209809,0.061338443878535404,0.008987630009095875,0.0019163169549129041
588_10_3,0.04160173353974937,0.08191218220424194,0.16259330080457124,0.1882527221977545,0.1995437905930716,0.1440924764005721,0.11056417431392737,0.06032207800932075,0.00897602510901181,0.0021415168277795073
82_1_2,0.042127861912285056,0.08181408109142295,0.16404456200832318,0.18875865607025116,0.19688456669486384,0.1445991505086591,0.10952873087230185,0.06133844387780617,0.008987630009097232,0.0019163169549895516
760_8_1,0.0421278619122875,0.08181408109125525,0.1640445620079906,0.18875865607048925,0.19688456669424229,0.14459915050931135,0.10952873087212746,0.06133844387826293,0.008987630009094527,0.0019163169549388293
428_3_4,0.02361971122708462,0.07565090677376324,0.12418658510739627,0.19242020672369922,0.22866745265339275,0.15515525744303832,0.13273698419625962,0.047650402436633085,0.010040272641123709,0.009872220797609174
358_4_5,0.039689308365300706,0.08154662655012528,0.15817574809386525,0.18745293430049462,0.20517083016303228,0.14312241063260447,0.11409121548876418,0.05871396223673921,0.009115123882793574,0.0029218402862804015
347_4_4,0.028864267722515772,0.0773182971323386,0.1395177817712004,0.1864495902292868,0.23026816782310933,0.15088063185347056,0.12009714766661694,0.051642329401947885,0.009331041445606817,0.005630744953906133
416_4_5,0.029106035819097403,0.07529036947214363,0.13581653255423365,0.1915619907586884,0.2297486792018203,0.15302886651503725,0.12114341085919655,0.050483069994428816,0.009127285318934128,0.004693759506419757
479_2_4,0.04212693437207775,0.08181477880929704,0.16404282310908996,0.18875535554842637,0.196889018953463,0.14459555263341708,0.10953390696880924,0.06133705866912639,0.008987712159467545,0.0019168587768255815
106_5_2,0.0421278618377669,0.08181408153055814,0.16404456263179684,0.18875865546958365,0.19688456841051233,0.1445991489802721,0.1095287312325052,0.06133844278785753,0.008987630019369577,0.0019163170997777872
408_3_2,0.04212786191227614,0.08181408109118196,0.16404456200776088,0.1887586560705359,0.19688456669398552,0.14459915050963884,0.1095287308721041,0.0613384438785047,0.008987630009095963,0.0019163169549164414
112_2_1,0.04212786191230236,0.08181408109183196,0.16404456200972617,0.18875865606972778,0.19688456669634505,0.1445991505072586,0.10952873087211726,0.06133844387649424,0.008987630009077863,0.0019163169551195392
221_1_4,0.03783252854146506,0.0801769893847421,0.15726691634296996,0.1857120910272311,0.20358838736215001,0.14338842028545704,0.11909385362498649,0.06042674257153855,0.009142505505673196,0.003371565353786368
672_8_1,0.041429788740544496,0.08165248454894108,0.16188592398404583,0.18889182817410224,0.2000362595617907,0.14468571229859634,0.11020631159724698,0.06003544187891339,0.009005793575689926,0.002170455640129155
308_3_2,0.0421278613570151,0.08181408323756065,0.1640445643135788,0.18875865265250827,0.19688457646767846,0.14459914406776894,0.10952873250336011,0.06133843771271545,0.00898762998355301,0.0019163177042612093
