psu_hh_idcode,subjective_poverty1,subjective_poverty2,subjective_poverty3,subjective_poverty4,subjective_poverty5,subjective_poverty6,subjective_poverty7,subjective_poverty8,subjective_poverty9,subjective_poverty10
785_6_1,0.042127854737800084,0.08181410090840822,0.164044575650904,0.1887586365240388,0.19688466300909677,0.14459909338477012,0.109528745905402,0.0613383764600926,0.008987629413812592,0.0019163240056743987
783_8_3,0.040235711302551706,0.08157497606018475,0.15978184639397314,0.1872975727936348,0.20317693153752192,0.14369986924279865,0.11341496292625289,0.059175926856516924,0.009006192991629147,0.0026360098949361156
561_5_1,0.042127861890257336,0.08181408145905644,0.1640445622167085,0.1887586558899867,0.19688456736953308,0.14459914997886203,0.10952873092627781,0.06133844326654525,0.00898763000054364,0.001916317002229492
285_8_2,0.04212779848719282,0.08181423999253139,0.16404457803695682,0.18875844460413593,0.1968854981322424,0.14459868347792476,0.10952885792890366,0.06133789214125102,0.008987625246949925,0.0019163819519108164
50_8_3,0.04212786189774481,0.08181408134820176,0.1640445620373549,0.18875865598780772,0.19688456677600477,0.14459915037993992,0.1095287309047589,0.061338443702568544,0.008987630004222771,0.001916316961395138
374_8_1,0.04212786190573597,0.08181408131831262,0.1640445619863381,0.1887586560462388,0.1968845666663414,0.14459915049544111,0.10952873085830245,0.06133844376936334,0.00898763000324495,0.0019163169506806505
782_8_5,0.032719497012816234,0.07876926104956472,0.147484092035529,0.18655176320674396,0.2206777710918413,0.14762276561803128,0.11834520008885538,0.0541323160021476,0.009191853382404773,0.004505480512065736
363_5_3,0.030360991299413442,0.07646022265721826,0.14135513054371623,0.1895656044395617,0.22389868036888436,0.15056577249782008,0.12013223009013861,0.05384860258123008,0.0092502120365378,0.004562553485479734
770_6_5,0.028262396516398672,0.07680579107671705,0.13978638834526522,0.18787996374596921,0.22975615261015486,0.15048442682649468,0.12053389184420485,0.051666658983561105,0.009288471089024222,0.005535858962210181
383_8_4,0.041438105085544324,0.08186120666582913,0.16159756446279838,0.18850909263092372,0.20058385991297303,0.14345233515948858,0.11130520531198254,0.060010379810911466,0.009011515096916492,0.0022307358626328477
133_3_2,0.042127859713319414,0.08181409111512752,0.16404457070460668,0.18875864321505614,0.1968846156354389,0.14459912027238828,0.10952873659539519,0.061338412494013825,0.00898762979600642,0.0019163204586472784
710_9_1,0.04155328926535821,0.08179823862870689,0.16262822014641934,0.18858958879674942,0.19930591344598658,0.14454701849297524,0.11019314218305154,0.06029087128643495,0.008981438381974098,0.002112279372343617
702_11_5,0.03698180996425184,0.08035922248927344,0.15321144585845362,0.18744806009368847,0.21214667045146973,0.1447669962291506,0.11601426342333865,0.056385525613584765,0.009066148310101399,0.003619857566687504
382_2_3,0.04053876747894525,0.08133856057053514,0.15910982385104808,0.18831807319528382,0.20334406109372652,0.14436995380308226,0.11273321012759167,0.05875108015705052,0.008985999261211611,0.0025104704615255885
462_6_5,0.027458545340923582,0.07492454177255405,0.13143637932003757,0.1907770413163372,0.23548263187134544,0.15139788690156103,0.12204957610251181,0.052001767776314135,0.008907400504093959,0.0055642290943214365
99_2_4,0.040673169405906914,0.08141758546615062,0.16120161830940452,0.188696395294282,0.20077995400732454,0.14476445528409704,0.11163424887360418,0.059475900090525224,0.009018550703422381,0.002338122565282692
639_3_5,0.03588471993288467,0.07913002778756394,0.14825032369283062,0.18814382351938996,0.21551586636083683,0.1468860188510274,0.11716221364985176,0.05600649575699155,0.00915946485256978,0.0038610455960531877
321_1_1,0.042127861759927256,0.08181408205161333,0.16404456274798393,0.18875865489579752,0.19688457052162295,0.14459914826007947,0.10952873150710861,0.061338441005984005,0.008987629999058134,0.0019163172508252328
159_7_2,0.042127861905730056,0.08181408131827876,0.16404456198623807,0.18875865604626935,0.1968845666662258,0.1445991504955689,0.10952873085831129,0.06133844376946122,0.008987630003245192,0.001916316950671763
833_5_3,0.042126972149256085,0.0818148854826667,0.1640366013339465,0.188756893272579,0.19688999874888716,0.14459770632392743,0.1095363939885505,0.061335747357382404,0.008987774578419703,0.0019170267643842866
429_7_1,0.04212786190572999,0.0818140813182784,0.16404456198623632,0.18875865604627,0.1968845666662244,0.1445991504955707,0.10952873085831119,0.061338443769462396,0.008987630003245189,0.0019163169506716269
324_1_2,0.04212786190571361,0.08181408131891918,0.16404456198774753,0.18875865604523578,0.1968845666687666,0.1445991504931469,0.10952873085879505,0.06133844376754404,0.008987630003247902,0.001916316950883249
79_5_5,0.04131508691753231,0.08194670387572375,0.1614758109165118,0.1868152903444556,0.19984149976119867,0.14315968924923403,0.11296251913673348,0.061109305834545456,0.009059726804221097,0.0023143671598439925
696_7_2,0.042122909293292626,0.0818190636097864,0.16403384915392177,0.18875677924789944,0.1969198769335282,0.14457803791215668,0.10954377012798575,0.06131880554658055,0.00898786256081479,0.0019190456140339338
99_7_4,0.039513095318834277,0.08139999238415642,0.15823357374724034,0.18771894556434143,0.20515472280338892,0.142930401863237,0.11431703650091717,0.05868875215998586,0.009109175837788502,0.002934303820109572
669_6_4,0.028262396516398672,0.07680579107671741,0.13978638834526547,0.18787996374596994,0.22975615261015503,0.15048442682649477,0.12053389184420486,0.051666658983559204,0.009288471089024213,0.005535858962210196
461_8_5,0.04212786190572999,0.0818140813182784,0.16404456198623632,0.18875865604627,0.1968845666662244,0.1445991504955707,0.10952873085831119,0.061338443769462396,0.008987630003245189,0.0019163169506716269
551_1_4,0.024613519744444347,0.07489304124060021,0.12929611308791342,0.19911139315262077,0.2335052439052343,0.1615606257196797,0.11488900513226669,0.04599892184767535,0.009134131582312705,0.006998004587252227
35_4_1,0.04212786000578688,0.08181408830896104,0.16404454903756027,0.18875864752879679,0.19688460300783475,0.14459913631583918,0.10952874688970064,0.061338418772611036,0.008987630053914935,0.001916320078994528
795_1_4,0.03800892446777926,0.08057848160938208,0.14977933275131083,0.18242766708895355,0.20919626877145012,0.14203928893953346,0.12424637714509716,0.060289117792260004,0.009383360689732462,0.004051180744501595
648_7_4,0.02573469667822173,0.07507986398379078,0.12859611605216587,0.18474335280543813,0.23947601587534972,0.15814169948718937,0.121828980604943,0.048822234917198865,0.009504385998845686,0.008072653596856431
781_7_6,0.04188315013122512,0.08186105763782507,0.16282861915805405,0.18840848180288752,0.19772532397400797,0.14424631806497434,0.11090250441652537,0.06108795678213718,0.00901512721802025,0.00204146081434297
815_2_2,0.04203713557209785,0.08176235013402892,0.16255776165067112,0.18875549181633902,0.19732563194058614,0.14507282173549269,0.1103794854174977,0.061129328831184694,0.008999220200910561,0.0019807727011912375
224_8_3,0.03698180996425184,0.08035922248927344,0.15321144585845362,0.18744806009368847,0.21214667045146973,0.1447669962291506,0.11601426342333865,0.056385525613584765,0.009066148310101399,0.003619857566687504
180_7_2,0.0421278565816827,0.08181410167934823,0.1640445764545991,0.18875862933577894,0.19688467219340725,0.14459908840816915,0.10952874373119485,0.06133837762257694,0.008987629535334472,0.001916324457908422
613_2_3,0.041570751547565093,0.08194193381640165,0.16251238403560408,0.1881327312906409,0.19942562608521075,0.1437725743733983,0.11088579015734898,0.06058046981269883,0.00901079679245946,0.0021669420886719407
108_8_2,0.03251451232175155,0.07835334385163409,0.14517438142391306,0.18765859785571978,0.22194896011359597,0.14693235310975922,0.11972334506927342,0.05405629293038603,0.009232881606306465,0.004405331717660785
83_7_4,0.02439758994419902,0.07505945911728842,0.12759981935593465,0.20033107270626846,0.23622941646104872,0.15778853996397696,0.12025676361009774,0.04294546307381813,0.008964125450634023,0.006427750316734025
779_7_1,0.04212786190572999,0.0818140813182784,0.16404456198623632,0.18875865604627,0.1968845666662244,0.1445991504955707,0.10952873085831119,0.061338443769462396,0.008987630003245189,0.0019163169506716269
205_7_3,0.04206631563223087,0.08184995686517854,0.1639189364684032,0.18867400683549115,0.19719114774295543,0.1444650032389705,0.1096801230963089,0.06122255466116208,0.008988453169024642,0.0019435022902744158
391_8_2,0.04212786190576955,0.08181408131905903,0.1640445619880709,0.18875865604534472,0.1968845666688896,0.1445991504928158,0.1095287308584555,0.06133844376746057,0.008987630003247812,0.001916316950885924
600_7_1,0.0421278619057316,0.08181408132003053,0.16404456199033648,0.1887586560446402,0.196884566671984,0.14459915048902733,0.10952873085959862,0.06133844376416621,0.008987630003296337,0.0019163169511884235
699_12_2,0.04212784566627461,0.0818141259808018,0.1640445814509896,0.18875859594248348,0.1968847738975689,0.14459900274668996,0.10952878150999507,0.06133832776972381,0.008987631162412744,0.0019163338730603617
106_1_2,0.042127861905729994,0.08181408131827841,0.16404456198623638,0.18875865604627,0.19688456666622445,0.14459915049557062,0.10952873085831119,0.061338443769462375,0.008987630003245192,0.0019163169506716295
570_2_3,0.04189482740180838,0.08186627398382262,0.16327119015078254,0.1884645737412854,0.19805117857492643,0.14409589659564417,0.11036434159214996,0.060966386878397553,0.009002031388307939,0.0020232996928750374
111_9_4,0.04176413781401523,0.0819132513099487,0.16295286548465815,0.18780554457154203,0.198272415881924,0.14386389618604384,0.11112825772676677,0.06118910975783005,0.009018920364497014,0.002091600902774087
644_2_7,0.024199907469885183,0.07584790421651937,0.12253900775018643,0.184022438288893,0.234145089235793,0.1510412819883917,0.1303468911769618,0.050900652871454594,0.010223099842617352,0.01673372715929753
220_7_1,0.04212786190578495,0.08181408132012886,0.1640445619908214,0.18875865604433043,0.19688456667278445,0.1445991504885788,0.10952873085872453,0.061338443764363045,0.008987630003265525,0.0019163169512176187
685_7_2,0.04212786190570805,0.08181408131898663,0.16404456198816925,0.18875865604512782,0.19688456666868287,0.14459915049304004,0.10952873085862425,0.06133844376752753,0.008987630003237351,0.0019163169508963536
313_7_3,0.03719248834015669,0.07962406705127362,0.15189633008700296,0.18821738417078504,0.2114535368570804,0.1458044382103618,0.11633876129731484,0.056887425164100835,0.009087798110358043,0.003497770711565678
449_10_3,0.037089220101097706,0.07978178478440956,0.15181512304348033,0.18793235408668235,0.2102270122341494,0.14750252518137935,0.11695140175681748,0.05612180564116059,0.009100383701334527,0.0034783894694884166
529_11_2,0.042127854199301686,0.08181410198903011,0.16404457341512146,0.18875862250313633,0.19688467096350612,0.1445990910588745,0.10952874959292694,0.06133838183807399,0.008987629670441442,0.0019163247695877551
807_1_4,0.028512859339036037,0.07554049339024464,0.13689518222804342,0.1902228800032443,0.22814485139212132,0.15273095807765974,0.120865883576458,0.052755941633202325,0.009304576868680723,0.005026373491309573
646_6_1,0.04212786190573053,0.08181408131828184,0.16404456198624792,0.18875865604626613,0.1968845666662363,0.1445991504955553,0.10952873085831229,0.061338443769451974,0.00898763000324525,0.001916316950672678
51_7_3,0.04203849675711737,0.08183277181575219,0.16374544242478198,0.18869276181863479,0.1973604008057431,0.14444031860252246,0.10981235566430098,0.06113492394247455,0.008987030108772488,0.0019554980599000987
110_9_2,0.042127861896251055,0.08181408134783597,0.1640445620429878,0.18875865598736236,0.19688456678026886,0.14459915037091306,0.1095287309110665,0.06133844369714358,0.008987630004211884,0.0019163169619594116
660_9_1,0.04212786190572999,0.0818140813182784,0.16404456198623632,0.18875865604627,0.1968845666662244,0.1445991504955707,0.10952873085831119,0.061338443769462396,0.008987630003245189,0.0019163169506716269
144_8_4,0.024932224396828392,0.07507848201551186,0.1279515352111805,0.1939043032254326,0.22973016104125604,0.15437316150323183,0.1287673338766113,0.048838396624843294,0.009814182085380438,0.006610220019723775
548_5_1,0.042127861905729994,0.08181408131827854,0.16404456198623688,0.18875865604626982,0.19688456666622475,0.14459915049557015,0.10952873085831116,0.061338443769462014,0.00898763000324518,0.0019163169506716618
372_10_4,0.042036631541926654,0.08183754852319468,0.16378240296194382,0.18851263775072752,0.19725380682773444,0.14444891034952279,0.10993872789656438,0.061239572209488745,0.008992374862810786,0.0019573870760862294
98_8_2,0.04212786190572999,0.0818140813182784,0.16404456198623635,0.18875865604627,0.1968845666662244,0.1445991504955707,0.10952873085831119,0.0613384437694624,0.00898763000324519,0.0019163169506716275
326_6_5,0.02369276343271398,0.07688082679508097,0.1259681162872229,0.1957390363629207,0.2365618231654833,0.15208704845044232,0.12154354532487112,0.04882757909594233,0.009545709569811522,0.009153551515510297
74_8_3,0.040907079109600605,0.08190552901044207,0.1607176858926324,0.18777524211553065,0.2019274615577315,0.1432365123381963,0.11219774171386601,0.05984153931853515,0.009042075385048256,0.0024491335584178628
256_11_4,0.03588471993288499,0.07913002778756364,0.1482503236928261,0.18814382351938846,0.21551586636083944,0.1468860188510296,0.11716221364985165,0.056006495756993124,0.009159464852569795,0.0038610455960531712
815_8_2,0.04198892862307284,0.0818729438491992,0.16366979518409164,0.18863373335610514,0.19766845002374286,0.14437854431295954,0.10978444531731918,0.06103109052390192,0.008991617404235461,0.001980451405372007
381_7_4,0.04207204470891287,0.08183312530123385,0.16388785076436257,0.1885940820417188,0.1971038081175743,0.14448550753926234,0.10979724072452195,0.06129086634470623,0.008992743569493903,0.0019427308882129673
90_1_5,0.020928285268267684,0.07286298311996804,0.13210517998329752,0.20903151936700073,0.2291400157712328,0.16418296569474006,0.10986366497189262,0.043459357283281014,0.008751274389459949,0.009674754150859407
453_11_6,0.033382303235638726,0.07792247615091588,0.14453753216153495,0.18930724083190498,0.21963137078316963,0.14788235081133788,0.11899443722073019,0.05499502410969927,0.009211301327835115,0.004135963367233832
733_4_4,0.026462813883340135,0.07338721708581485,0.12717423517121687,0.19309428198382864,0.2372641270950116,0.1591005730999977,0.12116959141939329,0.04751914313049252,0.0091001037095779,0.0057279134213261895
766_8_1,0.04212786190573016,0.08181408131827957,0.1640445619862409,0.18875865604626824,0.19688456666622833,0.1445991504955658,0.109528730858311,0.06133844376945859,0.00898763000324516,0.0019163169506719946
513_7_5,0.041590378676964,0.08184253919336001,0.16234910931033525,0.1883936015623942,0.19928368868876475,0.1439823282434014,0.11092330442048125,0.06048992815771325,0.008995291294227385,0.002149830452358821
147_9_5,0.021589889593982406,0.07365842970430674,0.1331613493549032,0.2013455134831402,0.22675591477431978,0.16382269264478358,0.11290827345774429,0.04446754332387237,0.008949518677323307,0.013340874985623927
388_3_2,0.042127861904811534,0.08181408134935232,0.1640445620471833,0.1887586560046391,0.196884566793025,0.1445991503916833,0.1095287308688084,0.06133844367737383,0.008987630002853438,0.0019163169602700294
534_5_2,0.042127861905729994,0.08181408131827841,0.16404456198623638,0.18875865604627,0.19688456666622445,0.14459915049557065,0.1095287308583112,0.061338443769462375,0.008987630003245192,0.0019163169506716292
134_5_2,0.04206874734340329,0.08183717551680483,0.16393187603008602,0.18867569068827914,0.19719775435978654,0.14447331277979944,0.10968004861988939,0.06120469137507266,0.008987412556418875,0.0019432907304597303
479_7_1,0.0421278617757177,0.08181408226971468,0.1640445633664957,0.18875865519740287,0.19688457056389702,0.1445991471651006,0.10952873126111529,0.061338441126204186,0.008987630013753925,0.001916317260598099
19_6_2,0.04212268752782295,0.081817713615634,0.16402217085588325,0.18875297248565753,0.19691590749932134,0.1445811138755993,0.10955612038623017,0.06132379112631829,0.008988104368753068,0.0019194182587799267
410_11_1,0.04212786190572999,0.0818140813182784,0.16404456198623632,0.18875865604627,0.1968845666662244,0.1445991504955707,0.10952873085831119,0.061338443769462396,0.008987630003245189,0.0019163169506716269
691_8_2,0.04209694079207314,0.08183201349432243,0.16397262901265708,0.18871419798795694,0.19708872084154339,0.1445578247447692,0.10957535823796415,0.061245190229697946,0.008986371181227259,0.0019307534777893544
526_5_7,0.027478924743786316,0.0766983026478549,0.13545444596730333,0.1862516633285327,0.23457516315951477,0.152961089173709,0.12033732461413342,0.05031907865872875,0.009386520237053981,0.006537487469382678
812_9_1,0.04212786190573016,0.08181408131827975,0.16404456198624084,0.18875865604626865,0.19688456666622828,0.1445991504955654,0.10952873085831148,0.06133844376945878,0.008987630003245204,0.0019163169506719836
713_10_2,0.04211862382400561,0.08182321735452573,0.16402580890144014,0.18874480080411463,0.19695126747054148,0.14456980362640334,0.10954863575847595,0.06130824492320822,0.0089879506466367,0.0019216466906479721
538_5_2,0.038497147950765045,0.08050158692087347,0.15427377607165993,0.18743811612031272,0.2072395407369459,0.1451298601761075,0.11672935214443192,0.0577393189515882,0.00922833672161731,0.0032229642056981465
381_6_4,0.04204090891954986,0.08184681322127714,0.16380070167991262,0.1886654570503064,0.1973346500329933,0.14442276910933324,0.10978851058600515,0.061154341566933335,0.008988308057358627,0.001957539776330412
534_8_3,0.04212786190572999,0.0818140813182784,0.16404456198623632,0.18875865604627,0.1968845666662244,0.1445991504955707,0.10952873085831119,0.061338443769462396,0.008987630003245189,0.0019163169506716269
111_11_1,0.04212785931550117,0.08181409056451192,0.16404457037392264,0.18875864526314717,0.19688461395554957,0.14459912358877183,0.10952873406631597,0.06133841288636236,0.008987629686535777,0.0019163202993812219
563_3_2,0.04207673418418442,0.08182909017057731,0.16390210822976128,0.18869962934581222,0.19719531942243199,0.1445474965497672,0.10961638059936729,0.06120832710278385,0.008986241298748586,0.0019386730965655886
287_4_4,0.032851614186923506,0.0773260782671566,0.14293245686891104,0.18743849234843132,0.22002333554457237,0.14672014445111972,0.1230839874766258,0.055685598186639186,0.009357793877053256,0.004580498792567332
212_4_4,0.04206540555088592,0.08184261807504284,0.16393011546072012,0.18866676379407765,0.1971677322327404,0.14448385759185284,0.10968510446524418,0.061226726924847354,0.008987360244023211,0.0019443156605656261
548_6_1,0.04212786190815735,0.08181408138422734,0.1640445621171936,0.18875865600088582,0.1968845669382064,0.14459915024518571,0.10952873088333638,0.061338443546105466,0.008987630004739474,0.001916316971962436
520_9_3,0.04212765641935832,0.08181434671377917,0.16404435783295807,0.18875825409904476,0.19688615137645224,0.14459785045995951,0.10952963487764367,0.061337647557516105,0.008987643879733945,0.0019164567835542206
620_8_1,0.04212786190572999,0.0818140813182784,0.16404456198623632,0.18875865604627,0.1968845666662244,0.1445991504955707,0.10952873085831119,0.061338443769462396,0.008987630003245189,0.0019163169506716269
808_6_4,0.03543926775185921,0.0788151664356092,0.1484307168274502,0.18864354532676825,0.21533160427626508,0.14668399596221313,0.11768999360795511,0.05597348046945734,0.009144724333904937,0.0038475050085175536
427_3_2,0.04212786190576419,0.08181408131899495,0.16404456198802525,0.18875865604527953,0.19688456666890064,0.14459915049306302,0.10952873085847793,0.06133844376737449,0.008987630003238163,0.0019163169508816498
817_2_1,0.042127830130747654,0.0818141582008353,0.1640445848586153,0.1887585721567503,0.19688500245213397,0.14459894146172236,0.10952875979254748,0.06133817729707644,0.008987626475837514,0.0019163471737337664
588_5_3,0.024118049091995608,0.07718689262417304,0.12365181221991457,0.20252800551950706,0.2422570726020572,0.14962581164707384,0.120377412783848,0.04514091845451638,0.008537987141897485,0.006576037915017221
596_4_3,0.02616840680510094,0.07468335727205018,0.12671832665471042,0.18836700047281987,0.23262239988567926,0.16375893397532415,0.12328143653057834,0.0485902579522536,0.009445181580427993,0.006364698871054457
810_5_3,0.039513095318834436,0.0813999923841566,0.1582335737472393,0.18771894556434032,0.20515472280338898,0.14293040186323822,0.11431703650091776,0.05868875215998575,0.009109175837788482,0.0029343038201095715
749_10_3,0.04212786190572999,0.0818140813182784,0.16404456198623632,0.18875865604627,0.1968845666662244,0.1445991504955707,0.10952873085831119,0.061338443769462396,0.008987630003245189,0.0019163169506716269
397_1_2,0.04212786157218152,0.0818140834354439,0.16404456457663827,0.18875865327045896,0.1968845765720078,0.14459914381148392,0.10952873192274327,0.06133843720327583,0.008987629965020845,0.0019163176707452628
613_3_2,0.04212786190573023,0.08181408131828205,0.16404456198624756,0.18875865604626443,0.19688456666623652,0.14459915049555483,0.10952873085831362,0.06133844376945247,0.008987630003245288,0.0019163169506727683
573_4_3,0.04198813311293898,0.08184728180250345,0.16357390715096193,0.1884102928245041,0.1974907222607586,0.14427923677829393,0.110219636544375,0.06121064082082903,0.008996679816423086,0.001983468888411983
196_2_6,0.04212786190572999,0.0818140813182784,0.16404456198623632,0.18875865604627,0.1968845666662244,0.1445991504955707,0.10952873085831119,0.061338443769462396,0.008987630003245189,0.0019163169506716269
164_7_2,0.042127861904842565,0.08181408133015992,0.1640445620117729,0.18875865602487013,0.19688456671362975,0.14459915045251656,0.10952873086762709,0.06133844373652633,0.008987630003314772,0.0019163169547399424
172_5_3,0.0395044978364091,0.08092270909640653,0.15729086209581952,0.18779815997852184,0.2047056002936389,0.14576328870706876,0.11417227668703378,0.05801823874087568,0.009024021623715487,0.0028003449405097514
275_7_4,0.04209141619594848,0.08182421681274256,0.16395958542433378,0.18870321249609345,0.19706530282157714,0.14455437291434767,0.10963240239450293,0.061250328053939936,0.008987549445062427,0.0019316134414520563
418_5_4,0.04094312489251199,0.081593109840485,0.16020852542492123,0.18813378056539137,0.2020141947692692,0.1436056713827968,0.11220689904805621,0.05988952524669454,0.00901022126891394,0.0023949475609594084
91_1_4,0.03513417427352662,0.0797172365933157,0.1501040196072438,0.1876541977482997,0.216305665869245,0.1453033901859091,0.11733291189877491,0.055333323830180976,0.009122332471051821,0.0039927475224526745
832_8_1,0.042127861906575734,0.08181408132985013,0.16404456201338877,0.18875865603501432,0.19688456671514218,0.14459915045521904,0.10952873085698969,0.06133844373071251,0.008987630002944117,0.0019163169541634387
287_3_4,0.02447735091148656,0.07508550906201743,0.12582483879717252,0.1919651369127821,0.2347486065833087,0.14689490271827227,0.13082010538590452,0.0505738429673639,0.010041011481101229,0.009568695180590408
1_3_3,0.042036319479203506,0.08183279994668015,0.16378617459949701,0.18868090927098505,0.19737490243350464,0.1444262665310871,0.10978894319196289,0.061132388257322284,0.008986265407771503,0.001955030881985766
288_8_4,0.023884508274195766,0.07651265504606092,0.12823858724131632,0.19870971861188189,0.2340072864318475,0.15899710244574658,0.11477271672965536,0.046824238777641934,0.009139102945016027,0.008914083496637616
649_5_2,0.04212756908006917,0.08181463095738023,0.16404412021494658,0.18875828613941087,0.19688783593039527,0.14459689265469627,0.10952976967764591,0.06133667917124782,0.008987650711387355,0.0019165654628209546
744_12_4,0.038748696315208254,0.08058675960602056,0.15476759709772694,0.18701618897616848,0.2078449697457175,0.144495915236314,0.11610585667163928,0.05813166922614029,0.00909200441861718,0.003210342706448137
773_6_2,0.04212786190580164,0.08181408132035252,0.16404456199085077,0.18875865604384506,0.19688456667343246,0.14459915048833072,0.10952873085874507,0.061338443764143255,0.008987630003252148,0.0019163169512464234
77_3_1,0.04212786190574486,0.08181408131852191,0.1640445619870083,0.18875865604595882,0.19688456666709336,0.14459915049466496,0.10952873085831251,0.06133844376870926,0.008987630003238703,0.0019163169507470507
506_2_3,0.041792611910204475,0.08193833271398408,0.16313137847562825,0.18841799488386726,0.19860413984960473,0.14397917923961542,0.11034387145419709,0.06072058252182482,0.008998208717826098,0.0020737002332479153
474_2_3,0.036981809964251655,0.08035922248927344,0.15321144585845362,0.1874480600936885,0.21214667045146976,0.14476699622915074,0.11601426342333863,0.056385525613584786,0.009066148310101382,0.003619857566687498
153_4_1,0.04212786190572999,0.0818140813182784,0.16404456198623632,0.18875865604627,0.1968845666662244,0.1445991504955707,0.10952873085831119,0.061338443769462396,0.008987630003245189,0.0019163169506716269
176_7_2,0.04210799371225356,0.08182525020639468,0.1640082877444994,0.18872706071852294,0.19700414771448604,0.14455137686478833,0.1095795034010968,0.06128345742454618,0.008987130613786904,0.0019257915996249405
320_5_1,0.042127207759333665,0.08181476642686722,0.16404390272799005,0.18875810632646586,0.196890345976058,0.14459653781674245,0.1095296941808044,0.061335077575605794,0.008987588764600108,0.0019167724455331318
156_3_1,0.0421278619055021,0.08181408133135719,0.16404456201252288,0.18875865603328845,0.19688456671397442,0.14459915045168226,0.10952873085969077,0.061338443734409345,0.008987630003190398,0.0019163169543819363
524_7_5,0.02387146056498316,0.07588773105608276,0.12449422048284682,0.19826201771549526,0.23848843335351771,0.15349836242002182,0.12308150800904091,0.04543468950419396,0.009161667879536888,0.007819909014280941
251_8_1,0.04212786190570766,0.08181408132292355,0.1640445619970429,0.18875865604039635,0.1968845666847372,0.14459915048003044,0.10952873085884769,0.061338443755081434,0.008987630003151642,0.0019163169520809637
429_1_1,0.04212786190572999,0.0818140813182784,0.16404456198623632,0.18875865604627,0.1968845666662244,0.1445991504955707,0.10952873085831119,0.061338443769462396,0.008987630003245189,0.0019163169506716269
601_12_4,0.04188474251684325,0.08188850363607568,0.16342013258282115,0.18842101558240298,0.1980917268144853,0.14431999737983256,0.11006666440099258,0.06090358842856986,0.008984458011571876,0.002019170646403915
384_12_5,0.0351341742735269,0.07971723659331394,0.15010401960724182,0.1876541977483049,0.21630566586923683,0.14530339018591137,0.11733291189877652,0.05533332383018321,0.00912233247105178,0.0039927475224525635
59_1_1,0.042127861905946286,0.08181408132009949,0.16404456199105008,0.18875865604484277,0.19688456667291207,0.14459915048838484,0.10952873085826627,0.0613384437640425,0.008987630003258616,0.0019163169511969712
82_8_2,0.04212786190573099,0.08181408131828961,0.1640445619862674,0.18875865604625586,0.19688456666626278,0.1445991504955239,0.10952873085831938,0.06133844376943016,0.008987630003245255,0.0019163169506749547
89_7_4,0.022994376983086137,0.0759476800056227,0.1257042021034306,0.19745172323459384,0.23531367078381807,0.1521507894328114,0.12295842595614447,0.048774832222097414,0.00954614281630412,0.009158156462091126
287_4_3,0.04212785762734098,0.08181408947459275,0.16404455818314995,0.18875863874945806,0.19688460668855726,0.14459911808835502,0.10952875709725764,0.061338422582741206,0.008987630593917252,0.001916320914629766
409_8_1,0.042127861860504795,0.08181408173466069,0.16404456265442288,0.1887586556661023,0.1968845683313585,0.14459914902290932,0.10952873102095514,0.061338442617392235,0.00898763000786125,0.0019163170838329782
182_4_4,0.039728268830463674,0.08167071404810285,0.15778500212736488,0.18759535971082028,0.205962164737512,0.14243036567614414,0.11411633376520301,0.05866713120648319,0.009084116865193545,0.0029605430327120244
623_3_3,0.041875700006601776,0.0818487616193037,0.16335941748938945,0.18849588763858866,0.19794552666107476,0.14429605484618957,0.11022421477799767,0.06093675043832776,0.008999064938150482,0.002018621584375751
444_3_3,0.04211736645206713,0.08182150709028907,0.16402729810640332,0.18874105228193955,0.19695156554386797,0.14457001185871257,0.10955548021595102,0.06130676369464336,0.0089873129880669,0.0019216417680595864
67_1_4,0.023954084867078857,0.07534714995954798,0.12743285070533694,0.19786771602031808,0.23467577674072768,0.15279209632707677,0.12274349333445456,0.04808733672523214,0.009552081314661435,0.00754741400556494
623_1_4,0.03953898179694791,0.08106901892871066,0.1574827245880354,0.18798768130984622,0.2043030865785269,0.14432905447623895,0.1147905206695986,0.05851829321005208,0.009128402440773757,0.0028522360012698234
592_4_3,0.021169209428409348,0.07141588493713055,0.13108879882972413,0.20949135010841646,0.22919144135543432,0.16847063120664493,0.10962950316426376,0.04295807204345646,0.008700004473895817,0.007885104452624525
156_1_2,0.029448909835302628,0.0767556540544745,0.14193464244009402,0.18717502244216094,0.22620357645551545,0.15022683172413256,0.12113671059465451,0.05279694148481997,0.009277910768360402,0.005043800200484866
395_5_1,0.04212786190670286,0.08181408133034167,0.16404456201471715,0.1887586560374952,0.1968845667121652,0.14459915044887456,0.10952873085859834,0.061338443733538264,0.008987630003335472,0.0019163169542315344
564_8_3,0.04211850066804363,0.0818218829093682,0.16402064124687324,0.18874475013267408,0.19694718510377815,0.14456178907921025,0.10956334343904735,0.061312125551658894,0.008988164993075691,0.0019216168762699992
387_3_4,0.03951309531883441,0.08139999238415642,0.15823357374723887,0.18771894556434024,0.2051547228033889,0.14293040186323824,0.11431703650091829,0.05868875215998606,0.009109175837788495,0.0029343038201095797
685_12_2,0.042127861743232665,0.08181408171854593,0.16404456256769032,0.1887586552441571,0.19688456833036402,0.14459914882981426,0.10952873165407402,0.0613384427831411,0.008987630017175495,0.0019163171118054924
119_4_3,0.026530783685968107,0.07552760973723632,0.1275370898590225,0.1946794122689337,0.23721189052262387,0.15074122545143712,0.12481993842104427,0.04754771795322309,0.009412593692614678,0.005991738407896121
774_3_6,0.0384195960263373,0.0808849833479148,0.15587251598181645,0.18742006376179066,0.20861074829507698,0.14443979848738175,0.11475620719495272,0.05734169948823427,0.009025275521333212,0.003229111895162233
367_4_2,0.04212784913565282,0.08181411635414106,0.16404456986301996,0.18875860443392728,0.1968847751841429,0.14459904802649196,0.10952877211402638,0.061338303308194196,0.008987629651567465,0.0019163319288360908
463_6_4,0.04137698453706325,0.08152275570486231,0.1540108024086154,0.18971517536012464,0.19938002033263533,0.14615458309568508,0.11584676182057424,0.06030335010039214,0.009141808175229582,0.0025477584648183798
240_4_1,0.042127861905729994,0.0818140813182784,0.16404456198623635,0.18875865604627007,0.19688456666622442,0.14459915049557065,0.1095287308583112,0.061338443769462375,0.00898763000324519,0.001916316950671628
88_2_2,0.029448909835302902,0.07675565405447501,0.14193464244009846,0.18717502244216258,0.22620357645551747,0.15022683172412887,0.12113671059465113,0.05279694148481844,0.009277910768360207,0.005043800200484732
392_3_6,0.03873780041030511,0.08079947411201698,0.15501131834592638,0.18766594607676867,0.20680917256922712,0.14473417457179386,0.11604357510142341,0.05782078063254596,0.009201078823556273,0.0031766793564366068
482_8_2,0.04212786168738146,0.08181408228226325,0.16404456317541022,0.18875865451567467,0.19688457092483758,0.14459914756190698,0.10952873155089389,0.06133844102898197,0.00898762999286273,0.0019163172797875955
553_2_2,0.04212786190181378,0.08181408139382147,0.16404456212384746,0.18875865594567717,0.19688456698219148,0.14459915024588246,0.10952873088604781,0.0613384435441059,0.008987630002225919,0.0019163169743863881
456_10_6,0.026197904557200728,0.07653626225167943,0.13433065604945227,0.1868158562992195,0.23421240658231945,0.14042562140879555,0.13121019103828388,0.05141037575518146,0.010010754557986206,0.008849971499881065
97_4_1,0.04212786190572999,0.0818140813182784,0.16404456198623632,0.18875865604627,0.1968845666662244,0.1445991504955707,0.10952873085831119,0.061338443769462396,0.008987630003245189,0.0019163169506716269
513_2_3,0.04198013909632372,0.08185687277376696,0.16362182680122522,0.1885564669290691,0.19757974052127433,0.1443968145314907,0.10995847161917043,0.06107277855875551,0.008995517391647728,0.0019813717772764828
714_5_2,0.04212786190573002,0.08181408131827882,0.1640445619862378,0.1887586560462693,0.1968845666662257,0.1445991504955689,0.10952873085831136,0.06133844376946131,0.008987630003245194,0.001916316950671757
626_7_2,0.04212786190572999,0.0818140813182784,0.16404456198623632,0.18875865604627,0.1968845666662244,0.1445991504955707,0.10952873085831119,0.061338443769462396,0.008987630003245189,0.0019163169506716269
476_5_2,0.04212786189482281,0.08181408139468828,0.1640445621147733,0.18875865592506433,0.19688456697733908,0.14459915025332928,0.1095287309048783,0.061338443557139466,0.008987630002635558,0.00191631697532936
289_6_2,0.042127861903780525,0.08181408134749772,0.16404456203516415,0.18875865601330946,0.1968845667867529,0.14459915038127838,0.10952873088663896,0.06133844368207533,0.008987630003307122,0.0019163169601957028
39_3_3,0.04212688159796411,0.08181473154650352,0.1640431521037393,0.18875711216108157,0.19689062863031906,0.14459545635288834,0.10953205648223087,0.06133553630059107,0.008987627098200647,0.001916817726481232
554_1_2,0.042127861350469614,0.08181408346466824,0.16404456429208927,0.18875865262822195,0.196884576439956,0.14459914405365704,0.10952873248957311,0.06133843760364246,0.008987629977702302,0.0019163177000199325
400_5_3,0.037829347950417945,0.0798628128260178,0.15150643136154426,0.1887812795134106,0.21190204823889194,0.1455955152050877,0.11612853305572488,0.055956559801650846,0.009038745771585031,0.003398726275668857
56_2_3,0.035694781057417746,0.07875775114869887,0.14674001088351854,0.19003215632959236,0.21792007455207968,0.1447172830300078,0.11817841231339378,0.05515000618912741,0.009008127765763306,0.0038013967304003733
69_9_3,0.032974969575545784,0.07789973168324948,0.14489635614390253,0.18733404887132896,0.21817254085093177,0.15154245339322348,0.11992331777342478,0.05374325567401493,0.009236301986950947,0.004277024047427602
688_12_2,0.04212786190573,0.08181408131827844,0.16404456198623638,0.18875865604627007,0.19688456666622445,0.1445991504955707,0.10952873085831122,0.061338443769462424,0.008987630003245196,0.00191631695067163
742_11_2,0.04212786190572998,0.08181408131827843,0.16404456198623643,0.18875865604626993,0.1968845666662245,0.14459915049557048,0.10952873085831119,0.0613384437694623,0.008987630003245189,0.0019163169506716394
585_9_2,0.04212786190571493,0.08181408131901521,0.1640445619879993,0.18875865604520162,0.19688456666871734,0.14459915049282024,0.10952873085873474,0.06133844376764303,0.008987630003260775,0.0019163169508931337
172_1_1,0.04212784216375433,0.08181413612911007,0.16404458136982514,0.1887585981198323,0.19688496817187456,0.14459894878773794,0.10952878973964915,0.06133816002759929,0.008987629344900827,0.001916346145716026
373_5_2,0.042127861905739555,0.08181408131853056,0.16404456198683368,0.18875865604596478,0.1968845666671413,0.14459915049454716,0.10952873085851478,0.06133844376873311,0.00898763000324653,0.0019163169507482724
303_7_3,0.04194573024227723,0.08181816774407079,0.16358075467132024,0.18858551801236448,0.1976284354762286,0.14443406086413307,0.11001507813540824,0.061024497537456854,0.008987420305435012,0.0019803370113061092
461_6_2,0.04212756908006917,0.08181463095738023,0.16404412021494658,0.18875828613941087,0.19688783593039527,0.14459689265469627,0.10952976967764591,0.06133667917124782,0.008987650711387355,0.0019165654628209546
110_3_3,0.042034585232855595,0.08185309718469286,0.16379369480916245,0.18848456603875138,0.197265644639825,0.1443711281447507,0.10995837365680995,0.06128098293488324,0.008995729348052789,0.001962198010216268
611_5_1,0.04212786190573068,0.08181408131828212,0.1640445619862479,0.1887586560462672,0.1968845666662362,0.1445991504955536,0.1095287308583127,0.06133844376945168,0.008987630003245251,0.001916316950672675
485_8_4,0.041279398128380995,0.08170726013148322,0.1618832549377541,0.18833043668736793,0.19990307275650823,0.14390082912515997,0.11145237833524542,0.06028383497540531,0.009023758035772194,0.0022357768869228634
193_3_1,0.04212786190572999,0.0818140813182784,0.16404456198623632,0.18875865604627,0.1968845666662244,0.1445991504955707,0.10952873085831119,0.061338443769462396,0.008987630003245189,0.0019163169506716269
721_7_1,0.04212786190572999,0.0818140813182784,0.16404456198623632,0.18875865604627,0.1968845666662244,0.1445991504955707,0.10952873085831119,0.061338443769462396,0.008987630003245189,0.0019163169506716269
588_10_3,0.04160173353382756,0.08191218241499354,0.1625933007856639,0.18825272217614067,0.19954379056790442,0.14409247638820877,0.11056417430088511,0.06032207790485978,0.008976025103629761,0.0021415168238871998
82_1_2,0.042127861905739555,0.08181408131853056,0.16404456198683368,0.18875865604596478,0.1968845666671413,0.14459915049454716,0.10952873085851478,0.06133844376873311,0.00898763000324653,0.0019163169507482724
760_8_1,0.04212786190574201,0.08181408131836282,0.16404456198650108,0.1887586560462029,0.19688456666651982,0.1445991504951993,0.1095287308583404,0.06133844376918983,0.008987630003243825,0.0019163169506975501
428_3_4,0.0236197112263101,0.07565090673848564,0.1241865851035593,0.19242020671843701,0.2286674526480663,0.1551552574394691,0.1327369841967654,0.04765040249068989,0.010040272641437666,0.009872220796779744
358_4_5,0.03968930836001797,0.08154662674793307,0.1581757480774148,0.1874529342808977,0.20517083013938933,0.14312241062125372,0.11409121547489677,0.05871396213790934,0.009115123877734024,0.002921840282553765
347_4_4,0.028864267722286497,0.07731829717304324,0.1395177817711247,0.18644959022896052,0.23026816782207948,0.1508806318534189,0.12009714766382906,0.05164232936680045,0.00933104144481463,0.005630744953642566
416_4_5,0.029106035818938017,0.07529036949960097,0.1358165325545573,0.191561990758955,0.2297486792017215,0.15302886651544156,0.12114341085745195,0.05048306996864192,0.00912728531843374,0.004693759506257969
479_2_4,0.04212693436553299,0.08181477903638605,0.1640428230876036,0.18875535552414327,0.19688901892574315,0.14459555261930768,0.10953390695502212,0.061337058560059256,0.00898771215361733,0.0019168587725846601
106_5_2,0.04212786183122143,0.08181408175766577,0.16404456261030737,0.18875865544529732,0.19688456838278978,0.14459914896616016,0.10952873121871819,0.06133844267878447,0.008987630013518877,0.001916317095536509
408_3_2,0.04212786190573064,0.0818140813182896,0.16404456198627138,0.1887586560462495,0.19688456666626303,0.14459915049552674,0.10952873085831707,0.061338443769431615,0.008987630003245265,0.0019163169506751611
112_2_1,0.04212786190575685,0.08181408131893954,0.16404456198823653,0.18875865604544131,0.19688456666862245,0.14459915049314656,0.10952873085833016,0.06133844376742113,0.00898763000322715,0.0019163169508782604
221_1_4,0.03783252853675297,0.08017698958352244,0.15726691632718692,0.185712091008897,0.20358838733976217,0.14338842027505133,0.11909385361045481,0.06042674246739737,0.009142505500662295,0.003371565350312959
672_8_1,0.041429788734538384,0.08165248476129118,0.1618859239649577,0.18889182815204864,0.20003625953611842,0.14468571228591948,0.11020631158381797,0.06003544177488277,0.009005793570267255,0.002170455636158232
308_3_2,0.042127861350469614,0.08181408346466824,0.16404456429208927,0.18875865262822195,0.196884576439956,0.14459914405365704,0.10952873248957311,0.06133843760364246,0.008987629977702302,0.0019163177000199325
